=== summary (means over 55 instances) ===
         E_cost   E_fuel  E_emission  CVaR_cost  P_trigger  E_returns  P_late  P_defer   n_veh    secs
method                                                                                                
CVAR    273.650  249.243     588.213    311.484      0.153      0.261   0.545    0.015  16.436  20.000
DET     290.561  248.295     585.976    367.509      0.327      0.759   0.545    0.101  15.436  20.002
DFR     272.356  245.897     580.318    315.437      0.114      0.168   0.527    0.025  16.218  50.015
ORT     392.994  322.012     759.948    440.288      0.203      0.381   0.428    0.028  18.945  20.222
PTO     302.594  247.174     583.330    392.021      0.397      1.036   0.545    0.143  14.764  20.000
Q90C    271.482  244.513     577.051    309.204      0.025      0.030   0.545    0.019  16.855  30.002
RO      278.705  250.683     591.612    315.232      0.007      0.008   0.545    0.017  18.582  20.002
SAA     276.600  248.502     586.464    323.396      0.154      0.249   0.527    0.034  16.255  20.000

=== paired vs proposed (E_cost) ===
baseline  n  mean_gain_pct  median_gain_pct  ci_lo  ci_hi  wins  ties  losses  rank_biserial  cliffs_delta  wilcoxon_p  holm_p
    CVAR 55           0.34             0.59  -0.93   1.73    30     3      22          0.123         0.008    0.306694 0.61339
     DET 55           8.58             5.12   3.28   6.89    46     1       8          0.794         0.083    0.000021 0.00012
     ORT 55          15.30            21.86  -3.12  27.51    32     0      23          0.582         0.161    0.000129 0.00051
     PTO 55          12.29             8.94   5.35  10.59    45     0      10          0.874         0.105    0.000003 0.00002
    Q90C 55          -1.14             0.00  -0.89   0.14    20    13      22          0.012         0.007    0.885314 0.88531
      RO 55           3.23             5.80   2.22   8.12    39     5      11          0.529         0.092    0.018636 0.05591
     SAA 55           1.59             0.00   0.00   1.51    25    27       3          0.837         0.042    0.000058 0.00029

Friedman: {'chi2': 71.73, 'p': 6.596021942818409e-13, 'mean_ranks': {'DFR': 3.26, 'Q90C': 3.43, 'CVAR': 3.6, 'SAA': 4.09, 'ORT': 4.93, 'RO': 5.18, 'DET': 5.4, 'PTO': 6.11}}

=== shift degradation (mean % vs own nominal) ===
method              DET    DFR  Q90C    RO    SAA
kind        mag                                  
congestion  0.10   6.80   1.33  1.32  1.11   1.36
            0.20  17.12   3.30  3.43  2.73   3.35
demand_mean 0.10   6.84   4.50  2.32  1.90   4.91
            0.20  13.88  10.50  5.17  3.91  11.31
            0.30  21.29  17.84  9.18  6.18  18.85
demand_var  0.25   0.43   0.51  0.12  0.06   0.51
            0.50   0.89   0.96  0.30  0.13   1.00
feas_drop   0.20   0.00   0.00  0.00  0.00   0.00
