{
  "name": "nyc_queens",
  "n_nodes": 31,
  "depot": 0,
  "node_location_ids": [
    132,
    138,
    70,
    82,
    7,
    95,
    226,
    260,
    129,
    130,
    145,
    146,
    134,
    216,
    193,
    223,
    179,
    197,
    196,
    10,
    83,
    218,
    203,
    139,
    131,
    92,
    93,
    157,
    175,
    215,
    219
  ],
  "lat": [
    40.642682516317706,
    40.774880022184384,
    40.76394749500011,
    40.7384701635001,
    40.761093500500095,
    40.72347933700007,
    40.7352656020001,
    40.74679035300007,
    40.75906842800009,
    40.703243387000114,
    40.746593973323534,
    40.75452382550009,
    40.70876484100008,
    40.67706990500008,
    40.761724286514266,
    40.77820451800008,
    40.7714301857001,
    40.69297260050008,
    40.72365320050008,
    40.67810273700008,
    40.740148611500096,
    40.6733016925001,
    40.65947823551285,
    40.6777488795001,
    40.7203730960001,
    40.7641270690001,
    40.73924281800012,
    40.72404049600015,
    40.743431675000096,
    40.69416756150008,
    40.66025707850014
  ],
  "lon": [
    -73.77833947246475,
    -73.87283113761711,
    -73.86840541506554,
    -73.8723466429037,
    -73.92148279409605,
    -73.84822836089982,
    -73.92931432018611,
    -73.90371498187798,
    -73.88740848183217,
    -73.80036112970319,
    -73.94869343068719,
    -73.93363868853572,
    -73.83000263211551,
    -73.82051288840273,
    -73.94028598301591,
    -73.90665754975753,
    -73.92681922061993,
    -73.82903060957096,
    -73.86401406224634,
    -73.79165477982534,
    -73.88923452039128,
    -73.77211714852089,
    -73.73671814127863,
    -73.74331653174431,
    -73.77137804165937,
    -73.83044672340472,
    -73.8418976511079,
    -73.90191895387203,
    -73.75537807921125,
    -73.790393282899,
    -73.76100882378233
  ],
  "distance_km": [
    [
      0.0,
      16.7188,
      15.4746,
      13.2766,
      17.8597,
      10.7445,
      16.3713,
      15.676,
      15.8752,
      6.9855,
      18.433,
      18.0572,
      8.5426,
      5.2226,
      19.0154,
      18.5489,
      19.0155,
      7.0391,
      11.5435,
      4.0956,
      14.3134,
      3.4449,
      3.9771,
      4.892,
      8.6587,
      14.2004,
      12.0,
      13.7995,
      11.3688,
      5.8144,
      2.4406
    ],
    [
      16.7188,
      0.0,
      1.2715,
      4.0488,
      4.3746,
      6.0796,
      6.4837,
      4.0647,
      2.1444,
      10.0365,
      7.1216,
      5.5991,
      8.1894,
      11.7356,
      5.866,
      2.8722,
      4.5624,
      9.827,
      5.7444,
      12.7513,
      4.1017,
      14.1283,
      17.2121,
      15.3546,
      10.4774,
      3.7642,
      4.7425,
      6.1613,
      10.4924,
      11.3487,
      15.8513
    ],
    [
      15.4746,
      1.2715,
      0.0,
      2.8523,
      4.4815,
      4.8102,
      6.0413,
      3.5334,
      1.6899,
      8.8562,
      7.0326,
      5.5933,
      6.9369,
      10.4696,
      6.0589,
      3.5902,
      4.9892,
      8.5611,
      4.4958,
      11.5305,
      3.1751,
      12.94,
      16.0667,
      14.2477,
      9.5024,
      3.1969,
      3.5401,
      5.2595,
      9.7901,
      10.1694,
      14.6586
    ],
    [
      13.2766,
      4.0488,
      2.8523,
      0.0,
      4.8436,
      2.6284,
      4.813,
      2.7999,
      2.6184,
      7.2212,
      6.4951,
      5.4632,
      4.8625,
      8.1057,
      6.2801,
      5.2794,
      5.8724,
      6.2388,
      1.7909,
      9.5561,
      1.435,
      11.1306,
      14.4181,
      12.8014,
      8.7427,
      4.5383,
      2.5668,
      2.9637,
      9.8699,
      8.4838,
      12.7958
    ],
    [
      17.8597,
      4.3746,
      4.4815,
      4.8436,
      0.0,
      7.4552,
      2.9467,
      2.1839,
      2.8787,
      12.0638,
      2.8023,
      1.2578,
      9.6575,
      12.6373,
      1.5852,
      2.2757,
      1.2341,
      10.866,
      6.3854,
      14.3134,
      3.5782,
      15.93,
      19.2406,
      17.6449,
      13.4324,
      7.6746,
      7.1307,
      4.4375,
      14.1289,
      13.3193,
      17.569
    ],
    [
      10.7445,
      6.0796,
      4.8102,
      2.6284,
      7.4552,
      0.0,
      6.9571,
      5.3456,
      5.1533,
      4.6195,
      8.8464,
      7.9811,
      2.2442,
      5.6648,
      8.845,
      7.8265,
      8.5006,
      3.7584,
      1.3304,
      6.9429,
      3.921,
      8.503,
      11.7913,
      10.2017,
      6.4856,
      4.7616,
      1.8322,
      4.525,
      8.1319,
      5.8641,
      10.1733
    ],
    [
      16.3713,
      6.4837,
      6.0413,
      4.813,
      2.9467,
      6.9571,
      0.0,
      2.5087,
      4.4122,
      11.4361,
      2.0621,
      2.1722,
      8.8729,
      11.2243,
      3.0838,
      5.1418,
      4.0268,
      9.6724,
      5.6519,
      13.2305,
      3.4202,
      14.9352,
      18.2933,
      16.9325,
      13.4112,
      8.9253,
      7.3784,
      2.6243,
      14.6824,
      12.5688,
      16.4586
    ],
    [
      15.676,
      4.0647,
      3.5334,
      2.7999,
      2.1839,
      5.3456,
      2.5087,
      0.0,
      1.9366,
      9.9651,
      3.7891,
      2.6633,
      7.514,
      10.4537,
      3.4995,
      3.5019,
      3.3606,
      8.6849,
      4.22,
      12.1467,
      1.426,
      13.7771,
      17.1005,
      15.5469,
      11.5309,
      6.4655,
      5.2751,
      2.5342,
      12.502,
      11.2002,
      15.4044
    ],
    [
      15.8752,
      2.1444,
      1.6899,
      2.6184,
      2.8787,
      5.1533,
      4.4122,
      1.9366,
      0.0,
      9.6089,
      5.3454,
      3.9266,
      7.3948,
      10.7201,
      4.4633,
      2.675,
      3.5925,
      8.844,
      4.4037,
      12.0903,
      2.1094,
      13.6149,
      16.8511,
      15.1404,
      10.6806,
      4.8303,
      4.4224,
      4.0823,
      11.2568,
      10.9047,
      15.3046
    ],
    [
      6.9855,
      10.0365,
      8.8562,
      7.2212,
      12.0638,
      4.6195,
      11.4361,
      9.9651,
      9.6089,
      0.0,
      13.3971,
      12.5952,
      2.5729,
      3.37,
      13.4644,
      12.2342,
      13.0769,
      2.6732,
      5.8252,
      2.8903,
      8.5402,
      4.0934,
      7.2445,
      5.5829,
      3.0977,
      7.229,
      5.3176,
      8.8665,
      5.86,
      1.3132,
      5.8188
    ],
    [
      18.433,
      7.1216,
      7.0326,
      6.4951,
      2.8023,
      8.8464,
      2.0621,
      3.7891,
      5.3454,
      13.3971,
      0.0,
      1.5446,
      10.8501,
      13.2848,
      1.8254,
      4.9889,
      3.3198,
      11.7154,
      7.5771,
      15.2707,
      5.0602,
      16.9685,
      20.3256,
      18.9274,
      15.2221,
      10.149,
      9.0342,
      4.6713,
      16.2894,
      14.5588,
      18.506
    ],
    [
      18.0572,
      5.5991,
      5.5933,
      5.4632,
      1.2578,
      7.9811,
      2.1722,
      2.6633,
      3.9266,
      12.5952,
      1.5446,
      0.0,
      10.1067,
      12.8483,
      0.977,
      3.478,
      1.9657,
      11.1604,
      6.7965,
      14.6767,
      4.0679,
      16.3369,
      19.6778,
      18.1707,
      14.1886,
      8.7568,
      7.913,
      4.3164,
      15.067,
      13.8115,
      17.9335
    ],
    [
      8.5426,
      8.1894,
      6.9369,
      4.8625,
      9.6575,
      2.2442,
      8.8729,
      7.514,
      7.3948,
      2.5729,
      10.8501,
      10.1067,
      0.0,
      3.614,
      11.0009,
      10.0659,
      10.7279,
      1.7579,
      3.3102,
      4.6986,
      6.0904,
      6.2744,
      9.5868,
      8.0813,
      5.1068,
      6.1561,
      3.5341,
      6.2946,
      7.3759,
      3.7126,
      7.9333
    ],
    [
      5.2226,
      11.7356,
      10.4696,
      8.1057,
      12.6373,
      5.6648,
      11.2243,
      10.4537,
      10.7201,
      3.37,
      13.2848,
      12.8483,
      3.614,
      0.0,
      13.802,
      13.385,
      13.7965,
      1.9086,
      6.3465,
      2.4363,
      9.0967,
      4.1028,
      7.333,
      6.5104,
      6.3516,
      9.7164,
      7.1444,
      8.624,
      9.1974,
      3.1724,
      5.3555
    ],
    [
      19.0154,
      5.866,
      6.0589,
      6.2801,
      1.5852,
      8.845,
      3.0838,
      3.4995,
      4.4633,
      13.4644,
      1.8254,
      0.977,
      11.0009,
      13.802,
      0.0,
      3.3731,
      1.5656,
      12.0969,
      7.6948,
      15.5999,
      4.9243,
      17.2495,
      20.5831,
      19.0458,
      14.9547,
      9.2546,
      8.6567,
      5.2921,
      15.7078,
      14.6958,
      18.8582
    ],
    [
      18.5489,
      2.8722,
      3.5902,
      5.2794,
      2.2757,
      7.8265,
      5.1418,
      3.5019,
      2.675,
      12.2342,
      4.9889,
      3.478,
      10.0659,
      13.385,
      3.3731,
      0.0,
      1.8573,
      11.5151,
      7.0497,
      14.7582,
      4.4789,
      16.2666,
      19.4783,
      17.7262,
      13.0849,
      6.6059,
      6.9657,
      6.036,
      13.3151,
      13.538,
      17.9632
    ],
    [
      19.0155,
      4.5624,
      4.9892,
      5.8724,
      1.2341,
      8.5006,
      4.0268,
      3.3606,
      3.5925,
      13.0769,
      3.3198,
      1.9657,
      10.7279,
      13.7965,
      1.5656,
      1.8573,
      0.0,
      12.0001,
      7.4977,
      15.4088,
      4.7033,
      17.0007,
      20.2896,
      18.645,
      14.2725,
      8.1565,
      7.9984,
      5.6716,
      14.7719,
      14.3509,
      18.6576
    ],
    [
      7.0391,
      9.827,
      8.5611,
      6.2388,
      10.866,
      3.7584,
      9.6724,
      8.6849,
      8.844,
      2.6732,
      11.7154,
      11.1604,
      1.7579,
      1.9086,
      12.0969,
      11.5151,
      12.0001,
      0.0,
      4.5093,
      3.5589,
      7.2981,
      5.274,
      8.6298,
      7.4229,
      5.7358,
      7.9129,
      5.2581,
      7.0484,
      8.3673,
      3.2602,
      6.7925
    ],
    [
      11.5435,
      5.7444,
      4.4958,
      1.7909,
      6.3854,
      1.3304,
      5.6519,
      4.22,
      4.4037,
      5.8252,
      7.5771,
      6.7965,
      3.3102,
      6.3465,
      7.6948,
      7.0497,
      7.4977,
      4.5093,
      0.0,
      7.9286,
      2.8072,
      9.5585,
      12.8883,
      11.3833,
      7.8152,
      5.3152,
      2.5451,
      3.1946,
      9.414,
      7.0183,
      11.1854
    ],
    [
      4.0956,
      12.7513,
      11.5305,
      9.5561,
      14.3134,
      6.9429,
      13.2305,
      12.1467,
      12.0903,
      2.8903,
      15.2707,
      14.6767,
      4.6986,
      2.4363,
      15.5999,
      14.7582,
      15.4088,
      3.5589,
      7.9286,
      0.0,
      10.7354,
      1.732,
      5.0751,
      4.0765,
      5.0014,
      10.1087,
      8.0096,
      10.6063,
      7.8815,
      1.7895,
      3.2586
    ],
    [
      14.3134,
      4.1017,
      3.1751,
      1.435,
      3.5782,
      3.921,
      3.4202,
      1.426,
      2.1094,
      8.5402,
      5.0602,
      4.0679,
      6.0904,
      9.0967,
      4.9243,
      4.4789,
      4.7033,
      7.2981,
      2.8072,
      10.7354,
      0.0,
      12.3575,
      15.6771,
      14.1215,
      10.1714,
      5.6242,
      3.9894,
      2.0858,
      11.283,
      9.7742,
      13.9915
    ],
    [
      3.4449,
      14.1283,
      12.94,
      11.1306,
      15.93,
      8.503,
      14.9352,
      13.7771,
      13.6149,
      4.0934,
      16.9685,
      16.3369,
      6.2744,
      4.1028,
      17.2495,
      16.2666,
      17.0007,
      5.274,
      9.5585,
      1.732,
      12.3575,
      0.0,
      3.3581,
      2.4786,
      5.2345,
      11.2322,
      9.4,
      12.3114,
      7.9247,
      2.7853,
      1.7268
    ],
    [
      3.9771,
      17.2121,
      16.0667,
      14.4181,
      19.2406,
      11.7913,
      18.2933,
      17.1005,
      16.8511,
      7.2445,
      20.3256,
      19.6778,
      9.5868,
      7.333,
      20.5831,
      19.4783,
      20.2896,
      8.6298,
      12.8883,
      5.0751,
      15.6771,
      3.3581,
      0.0,
      2.1064,
      7.3749,
      14.0647,
      12.5414,
      15.6695,
      9.4668,
      5.947,
      2.0508
    ],
    [
      4.892,
      15.3546,
      14.2477,
      12.8014,
      17.6449,
      10.2017,
      16.9325,
      15.5469,
      15.1404,
      5.5829,
      18.9274,
      18.1707,
      8.0813,
      6.5104,
      19.0458,
      17.7262,
      18.645,
      7.4229,
      11.3833,
      4.0765,
      14.1215,
      2.4786,
      2.1064,
      0.0,
      5.2972,
      12.0901,
      10.7611,
      14.3267,
      7.374,
      4.3692,
      2.4514
    ],
    [
      8.6587,
      10.4774,
      9.5024,
      8.7427,
      13.4324,
      6.4856,
      13.4112,
      11.5309,
      10.6806,
      3.0977,
      15.2221,
      14.1886,
      5.1068,
      6.3516,
      14.9547,
      13.0849,
      14.2725,
      5.7358,
      7.8152,
      5.0014,
      10.1714,
      5.2345,
      7.3749,
      5.2972,
      0.0,
      6.9595,
      6.3018,
      11.0086,
      2.8968,
      3.3257,
      6.7415
    ],
    [
      14.2004,
      3.7642,
      3.1969,
      4.5383,
      7.6746,
      4.7616,
      8.9253,
      6.4655,
      4.8303,
      7.229,
      10.149,
      8.7568,
      6.1561,
      9.7164,
      9.2546,
      6.6059,
      8.1565,
      7.9129,
      5.3152,
      10.1087,
      5.6242,
      11.2322,
      14.0647,
      12.0901,
      6.9595,
      0.0,
      2.9303,
      7.4915,
      6.729,
      8.4797,
      12.948
    ],
    [
      12.0,
      4.7425,
      3.5401,
      2.5668,
      7.1307,
      1.8322,
      7.3784,
      5.2751,
      4.4224,
      5.3176,
      9.0342,
      7.913,
      3.5341,
      7.1444,
      8.6567,
      6.9657,
      7.9984,
      5.2581,
      2.5451,
      8.0096,
      3.9894,
      9.4,
      12.5414,
      10.7611,
      6.3018,
      2.9303,
      0.0,
      5.3325,
      7.304,
      6.6305,
      11.1192
    ],
    [
      13.7995,
      6.1613,
      5.2595,
      2.9637,
      4.4375,
      4.525,
      2.6243,
      2.5342,
      4.0823,
      8.8665,
      4.6713,
      4.3164,
      6.2946,
      8.624,
      5.2921,
      6.036,
      5.6716,
      7.0484,
      3.1946,
      10.6063,
      2.0858,
      12.3114,
      15.6695,
      14.3267,
      11.0086,
      7.4915,
      5.3325,
      0.0,
      12.5341,
      9.97,
      13.8362
    ],
    [
      11.3688,
      10.4924,
      9.7901,
      9.8699,
      14.1289,
      8.1319,
      14.6824,
      12.502,
      11.2568,
      5.86,
      16.2894,
      15.067,
      7.3759,
      9.1974,
      15.7078,
      13.3151,
      14.7719,
      8.3673,
      9.414,
      7.8815,
      11.283,
      7.9247,
      9.4668,
      7.374,
      2.8968,
      6.729,
      7.304,
      12.5341,
      0.0,
      6.2222,
      9.2608
    ],
    [
      5.8144,
      11.3487,
      10.1694,
      8.4838,
      13.3193,
      5.8641,
      12.5688,
      11.2002,
      10.9047,
      1.3132,
      14.5588,
      13.8115,
      3.7126,
      3.1724,
      14.6958,
      13.538,
      14.3509,
      3.2602,
      7.0183,
      1.7895,
      9.7742,
      2.7853,
      5.947,
      4.3692,
      3.3257,
      8.4797,
      6.6305,
      9.97,
      6.2222,
      0.0,
      4.512
    ],
    [
      2.4406,
      15.8513,
      14.6586,
      12.7958,
      17.569,
      10.1733,
      16.4586,
      15.4044,
      15.3046,
      5.8188,
      18.506,
      17.9335,
      7.9333,
      5.3555,
      18.8582,
      17.9632,
      18.6576,
      6.7925,
      11.1854,
      3.2586,
      13.9915,
      1.7268,
      2.0508,
      2.4514,
      6.7415,
      12.948,
      11.1192,
      13.8362,
      9.2608,
      4.512,
      0.0
    ]
  ],
  "vehicle_capacity_m3": 12.0,
  "service_time_min": 6.0,
  "shift": [
    8.0,
    16.0
  ],
  "speed_levels_kmh": {
    "low": 27.8,
    "med": 36.9,
    "high": 46.9
  },
  "base_demand_m3": [
    0.0,
    0.97,
    1.437,
    0.507,
    1.251,
    1.445,
    0.634,
    1.047,
    1.35,
    0.978,
    1.189,
    1.183,
    0.586,
    1.505,
    0.55,
    1.491,
    0.567,
    1.414,
    1.993,
    0.949,
    0.567,
    1.008,
    1.201,
    1.55,
    0.694,
    0.42,
    1.979,
    1.258,
    1.479,
    1.902,
    1.831
  ],
  "demand_cv": [
    0.0,
    0.673,
    0.219,
    0.208,
    0.172,
    0.578,
    0.565,
    0.238,
    0.176,
    0.182,
    0.375,
    0.244,
    0.414,
    0.179,
    0.195,
    0.278,
    0.511,
    0.134,
    0.231,
    0.231,
    0.216,
    0.373,
    0.58,
    0.213,
    0.306,
    0.201,
    0.385,
    0.2,
    0.584,
    0.2,
    0.305
  ],
  "time_window": [
    [
      8.0,
      16.0
    ],
    [
      8.0,
      16.0
    ],
    [
      8.0,
      16.0
    ],
    [
      8.0,
      16.0
    ],
    [
      8.0,
      16.0
    ],
    [
      8.0,
      16.0
    ],
    [
      8.0,
      16.0
    ],
    [
      8.0,
      16.0
    ],
    [
      8.0,
      16.0
    ],
    [
      8.0,
      16.0
    ],
    [
      8.0,
      16.0
    ],
    [
      8.0,
      16.0
    ],
    [
      8.0,
      16.0
    ],
    [
      8.0,
      16.0
    ],
    [
      8.0,
      16.0
    ],
    [
      8.0,
      16.0
    ],
    [
      8.0,
      16.0
    ],
    [
      8.0,
      16.0
    ],
    [
      8.0,
      16.0
    ],
    [
      8.0,
      16.0
    ],
    [
      8.0,
      16.0
    ],
    [
      8.0,
      16.0
    ],
    [
      8.0,
      16.0
    ],
    [
      8.0,
      16.0
    ],
    [
      8.0,
      16.0
    ],
    [
      8.0,
      16.0
    ],
    [
      8.0,
      16.0
    ],
    [
      8.0,
      16.0
    ],
    [
      8.0,
      16.0
    ],
    [
      8.0,
      16.0
    ],
    [
      8.0,
      16.0
    ]
  ]
}