{
  "name": "nyc_manhattan",
  "n_nodes": 61,
  "depot": 0,
  "node_location_ids": [
    186,
    48,
    79,
    68,
    230,
    161,
    162,
    249,
    170,
    164,
    234,
    107,
    163,
    237,
    142,
    100,
    148,
    90,
    231,
    246,
    141,
    239,
    140,
    113,
    114,
    229,
    236,
    263,
    144,
    137,
    238,
    233,
    158,
    43,
    211,
    143,
    262,
    87,
    13,
    50,
    125,
    75,
    261,
    151,
    166,
    88,
    74,
    41,
    24,
    209,
    224,
    45,
    4,
    42,
    232,
    244,
    116,
    152,
    12,
    243,
    127
  ],
  "lat": [
    40.74847630100016,
    40.76223669450008,
    40.72794410850012,
    40.74839716400015,
    40.75984467900008,
    40.75822639850013,
    40.75681613200007,
    40.73461149650007,
    40.74765418000012,
    40.74880769950014,
    40.74031339100012,
    40.73734825750012,
    40.764424396000095,
    40.768541810500125,
    40.773905931500096,
    40.75351403100005,
    40.719211133500096,
    40.74254620450007,
    40.71869583250013,
    40.75243700731795,
    40.76683877150008,
    40.78410708912286,
    40.76550676198688,
    40.732485857000114,
    40.728611614500096,
    40.75658918461955,
    40.78049139150008,
    40.77849455350008,
    40.7205814025001,
    40.74035816101389,
    40.791765960391416,
    40.749173102000135,
    40.73524804307021,
    40.782459600000095,
    40.72389898450012,
    40.77577057562323,
    40.77653594950015,
    40.7066592365001,
    40.71161206760416,
    40.76669232218991,
    40.725376227520734,
    40.79064981356312,
    40.70897584700011,
    40.79786814800012,
    40.80956969094736,
    40.70339376900012,
    40.80556371816347,
    40.8042046100001,
    40.80203268400007,
    40.708489715500086,
    40.731727248802514,
    40.713057766500086,
    40.72415107077582,
    40.82104321190151,
    40.71538468035648,
    40.841218503433225,
    40.82753500295605,
    40.817579601500086,
    40.70248820779368,
    40.85867013570983,
    40.86505790488105
  ],
  "lon": [
    -73.99245532793202,
    -73.98985665157598,
    -73.98521395748695,
    -73.99994015691506,
    -73.98417616208373,
    -73.97743183897771,
    -73.97214548330646,
    -74.00249693107948,
    -73.97694320012897,
    -73.98592935499428,
    -73.9904776173608,
    -73.98331039924568,
    -73.97836473205686,
    -73.96569149046127,
    -73.98135240714463,
    -73.98878589508396,
    -73.99071856643994,
    -73.99677743636938,
    -74.00671154978826,
    -74.00451269453319,
    -73.95971267982989,
    -73.97827330208816,
    -73.95456795470241,
    -73.99462797473163,
    -73.9986779689641,
    -73.96517422619547,
    -73.95697238419567,
    -73.95120892105504,
    -73.9974066983705,
    -73.97712007714296,
    -73.97281447968041,
    -73.9712550456434,
    -74.00838576160183,
    -73.96557217411859,
    -74.0013747608857,
    -73.98797262249806,
    -73.94582999166391,
    -74.00781186809238,
    -74.0161196766008,
    -73.9938993998029,
    -74.00717582647245,
    -73.94495667212826,
    -74.0129192707674,
    -73.96780687467844,
    -73.9618154733028,
    -74.01130759465019,
    -73.93831328166497,
    -73.95206438576466,
    -73.96556852231629,
    -74.00235976008614,
    -73.97784268249102,
    -73.99825263676705,
    -73.9770236288024,
    -73.93951917049478,
    -73.9823072887701,
    -73.94166787935077,
    -73.94736745892493,
    -73.95432368142089,
    -74.01549021098441,
    -73.93282463182959,
    -73.92032252364596
  ],
  "distance_km": [
    [
      0.0,
      1.5457,
      2.3632,
      0.6306,
      1.4437,
      1.6664,
      1.946,
      1.7586,
      1.3099,
      0.551,
      0.9228,
      1.4576,
      2.1339,
      3.1717,
      2.9783,
      0.6398,
      3.2574,
      0.7532,
      3.5226,
      1.107,
      3.4314,
      4.1381,
      3.7108,
      1.7875,
      2.2702,
      2.4687,
      4.6479,
      4.8175,
      3.1297,
      1.576,
      5.0898,
      1.7876,
      1.9912,
      4.4051,
      2.8343,
      3.0584,
      5.0155,
      4.8265,
      4.5584,
      2.0292,
      2.8524,
      6.1637,
      4.7186,
      5.8712,
      7.2667,
      5.2587,
      7.8153,
      7.0687,
      6.371,
      4.524,
      2.2325,
      3.9685,
      3.0011,
      9.2181,
      3.7777,
      11.1636,
      9.5755,
      8.3277,
      5.4697,
      13.2411,
      14.3145
    ],
    [
      1.5457,
      0.0,
      3.8332,
      1.7577,
      0.5474,
      1.1375,
      1.6089,
      3.2511,
      1.9525,
      1.5294,
      2.4383,
      2.8219,
      0.998,
      2.1525,
      1.4821,
      0.9741,
      4.7848,
      2.2658,
      5.0455,
      1.6466,
      2.5898,
      2.6202,
      2.9942,
      3.3325,
      3.8121,
      2.1717,
      3.4335,
      3.723,
      4.6753,
      2.6589,
      3.5834,
      2.1366,
      3.3827,
      3.0395,
      4.372,
      1.5132,
      4.0342,
      6.3624,
      6.0485,
      0.6012,
      4.3507,
      4.9271,
      6.233,
      4.3755,
      5.7684,
      6.7881,
      6.4841,
      5.6482,
      4.8748,
      6.0685,
      3.5402,
      5.514,
      4.3708,
      7.792,
      5.2484,
      9.6738,
      8.094,
      6.8424,
      6.986,
      11.7482,
      12.8437
    ],
    [
      2.3632,
      3.8332,
      0.0,
      2.5907,
      3.5483,
      3.4305,
      3.394,
      1.6341,
      2.2998,
      2.3207,
      1.4451,
      1.0579,
      4.0973,
      4.8045,
      5.1211,
      2.8591,
      1.0762,
      1.8936,
      2.0832,
      3.1719,
      4.829,
      6.2723,
      4.9102,
      0.9404,
      1.137,
      3.605,
      6.3087,
      6.3087,
      1.3138,
      1.5397,
      7.1731,
      2.6373,
      2.1147,
      6.2836,
      1.4342,
      5.3231,
      6.3403,
      3.0379,
      3.1752,
      4.3703,
      1.8726,
      7.7533,
      3.1465,
      7.9122,
      9.2878,
      3.5055,
      9.4918,
      8.9275,
      8.4028,
      2.6015,
      0.7502,
      1.9868,
      0.8088,
      11.0441,
      1.4179,
      13.1183,
      11.5234,
      10.3009,
      3.811,
      15.1904,
      16.1954
    ],
    [
      0.6306,
      1.7577,
      2.5907,
      0.0,
      1.8394,
      2.1884,
      2.5215,
      1.548,
      1.939,
      1.1811,
      1.2014,
      1.8634,
      2.5453,
      3.6522,
      3.2398,
      1.0984,
      3.3371,
      0.703,
      3.3516,
      0.5917,
      3.9605,
      4.37,
      4.269,
      1.825,
      2.2026,
      3.0669,
      5.0824,
      5.2957,
      3.1003,
      2.1201,
      5.3361,
      2.4179,
      1.6261,
      4.7669,
      2.7268,
      3.2063,
      5.528,
      4.6882,
      4.3115,
      2.097,
      2.6314,
      6.5965,
      4.5178,
      6.1304,
      7.5215,
      5.095,
      8.2058,
      7.4,
      6.6292,
      4.4422,
      2.6271,
      3.9321,
      3.3161,
      9.5462,
      3.9601,
      11.4277,
      9.8501,
      8.5982,
      5.2703,
      13.5005,
      14.6007
    ],
    [
      1.4437,
      0.5474,
      3.5483,
      1.8394,
      0.0,
      0.5959,
      1.0678,
      3.2023,
      1.4861,
      1.2361,
      2.2357,
      2.5026,
      0.7063,
      1.8327,
      1.5815,
      0.8039,
      4.5517,
      2.197,
      4.9538,
      1.9007,
      2.2022,
      2.7433,
      2.5719,
      3.167,
      3.6816,
      1.6409,
      3.2433,
      3.4653,
      4.5059,
      2.2468,
      3.6762,
      1.6102,
      3.4117,
      2.9628,
      4.2515,
      1.7995,
      3.7247,
      6.2403,
      6.0007,
      1.1182,
      4.2947,
      4.7581,
      6.153,
      4.447,
      5.8409,
      6.6804,
      6.384,
      5.625,
      4.9458,
      5.9124,
      3.1717,
      5.3359,
      4.0144,
      7.7744,
      4.9462,
      9.7301,
      8.1397,
      6.8942,
      6.902,
      11.8082,
      12.8743
    ],
    [
      1.6664,
      1.1375,
      3.4305,
      2.1884,
      0.5959,
      0.0,
      0.4721,
      3.3695,
      1.1763,
      1.2685,
      2.2749,
      2.3738,
      0.6937,
      1.5144,
      1.7745,
      1.0905,
      4.4804,
      2.3866,
      5.0405,
      2.3701,
      1.7732,
      2.8787,
      2.0889,
      3.2079,
      3.748,
      1.0484,
      3.0163,
      3.1553,
      4.5116,
      1.987,
      3.7496,
      1.1332,
      3.6508,
      2.8737,
      4.3173,
      2.1433,
      3.3508,
      6.2794,
      6.1231,
      1.6762,
      4.4297,
      4.5251,
      6.2395,
      4.4818,
      5.8586,
      6.7322,
      6.2092,
      5.5408,
      4.9724,
      5.9159,
      2.9468,
      5.3201,
      3.7892,
      7.6796,
      4.7815,
      9.7069,
      8.1117,
      6.8805,
      6.9783,
      11.7829,
      12.8146
    ],
    [
      1.946,
      1.6089,
      3.394,
      2.5215,
      1.0678,
      0.4721,
      0.0,
      3.5544,
      1.096,
      1.4632,
      2.3984,
      2.3602,
      0.995,
      1.4126,
      2.0524,
      1.4489,
      4.4647,
      2.6121,
      5.1428,
      2.7695,
      1.5292,
      3.0782,
      1.7679,
      3.3025,
      3.8513,
      0.5877,
      2.9263,
      2.9865,
      4.5567,
      1.8774,
      3.8867,
      0.8532,
      3.8823,
      2.9047,
      4.4115,
      2.4937,
      3.1176,
      6.3354,
      6.2445,
      2.1361,
      4.5751,
      4.404,
      6.3325,
      4.5794,
      5.9301,
      6.7953,
      6.1234,
      5.534,
      5.0583,
      5.9462,
      2.8307,
      5.3398,
      3.6554,
      7.6517,
      4.6859,
      9.7294,
      8.1355,
      6.9212,
      7.0593,
      11.7993,
      12.8018
    ],
    [
      1.7586,
      3.2511,
      1.6341,
      1.548,
      3.2023,
      3.3695,
      3.5544,
      0.0,
      2.5958,
      2.1071,
      1.1948,
      1.645,
      3.8887,
      4.8833,
      4.7184,
      2.3983,
      1.9793,
      1.0053,
      1.805,
      1.9894,
      5.0824,
      5.8697,
      5.3012,
      0.7039,
      0.7407,
      3.9822,
      6.382,
      6.5171,
      1.618,
      2.2315,
      6.8293,
      3.0902,
      0.5012,
      6.1628,
      1.1949,
      4.7374,
      6.6719,
      3.1403,
      2.8033,
      3.64,
      1.1,
      7.8938,
      2.9828,
      7.6164,
      9.0115,
      3.5498,
      9.5634,
      8.8273,
      8.1163,
      2.9046,
      2.1019,
      2.4232,
      2.4414,
      10.9767,
      2.7323,
      12.9131,
      11.3274,
      10.078,
      3.736,
      14.9897,
      16.0698
    ],
    [
      1.3099,
      1.9525,
      2.2998,
      1.939,
      1.4861,
      1.1763,
      1.096,
      2.5958,
      0.0,
      0.7678,
      1.4023,
      1.2653,
      1.8686,
      2.5085,
      2.9426,
      1.1915,
      3.369,
      1.7648,
      4.0816,
      2.3825,
      2.5801,
      4.0549,
      2.7373,
      2.2505,
      2.7994,
      1.4035,
      4.0201,
      4.0568,
      3.4692,
      0.8114,
      4.9173,
      0.5081,
      2.9867,
      3.9869,
      3.3488,
      3.2615,
      4.1449,
      5.2484,
      5.1922,
      2.5537,
      3.5532,
      5.4875,
      5.2619,
      5.6363,
      7.0015,
      5.7103,
      7.2142,
      6.6279,
      6.122,
      4.853,
      1.7726,
      4.2454,
      2.6134,
      8.7477,
      3.6166,
      10.8194,
      9.2247,
      8.0052,
      5.9812,
      12.8909,
      13.8973
    ],
    [
      0.551,
      1.5294,
      2.3207,
      1.1811,
      1.2361,
      1.2685,
      1.4632,
      2.1071,
      0.7678,
      0.0,
      1.0193,
      1.2932,
      1.8497,
      2.7786,
      2.8173,
      0.576,
      3.3156,
      1.1489,
      3.7785,
      1.6166,
      2.9826,
      3.9777,
      3.2289,
      1.9573,
      2.4893,
      1.9507,
      4.2848,
      4.4099,
      3.2842,
      1.1973,
      4.9028,
      1.2368,
      2.4192,
      4.116,
      3.0602,
      3.0031,
      4.573,
      5.0364,
      4.8557,
      2.0989,
      3.1611,
      5.7924,
      4.9789,
      5.6647,
      7.0549,
      5.484,
      7.4769,
      6.7879,
      6.1617,
      4.6921,
      2.0178,
      4.1086,
      2.8425,
      8.9322,
      3.729,
      10.9303,
      9.3367,
      8.0969,
      5.7213,
      13.0082,
      14.0564
    ],
    [
      0.9228,
      2.4383,
      1.4451,
      1.2014,
      2.2357,
      2.2749,
      2.3984,
      1.1948,
      1.4023,
      1.0193,
      0.0,
      0.688,
      2.8686,
      3.7698,
      3.8136,
      1.4747,
      2.3466,
      0.5859,
      2.7657,
      1.7931,
      3.9262,
      4.9769,
      4.1228,
      0.938,
      1.4732,
      2.7962,
      5.2842,
      5.3818,
      2.2705,
      1.1254,
      5.9115,
      1.8955,
      1.6105,
      5.1345,
      2.0431,
      3.9483,
      5.5104,
      4.0172,
      3.8541,
      2.9473,
      2.1768,
      6.7842,
      3.9647,
      6.6785,
      8.0703,
      4.4648,
      8.4816,
      7.8061,
      7.1763,
      3.6776,
      1.43,
      3.1007,
      2.1248,
      9.9494,
      2.8562,
      11.9489,
      10.3555,
      9.115,
      4.7046,
      14.0269,
      15.0756
    ],
    [
      1.4576,
      2.8219,
      1.0579,
      1.8634,
      2.5026,
      2.3738,
      2.3602,
      1.645,
      1.2653,
      1.2932,
      0.688,
      0.0,
      3.0394,
      3.7727,
      4.0684,
      1.8558,
      2.1112,
      1.2733,
      2.8618,
      2.4506,
      3.8346,
      5.2166,
      3.958,
      1.0962,
      1.6188,
      2.629,
      5.2854,
      5.3145,
      2.2106,
      0.6197,
      6.1152,
      1.6614,
      2.1256,
      5.2339,
      2.1339,
      4.2904,
      5.3809,
      3.9885,
      3.9792,
      3.3826,
      2.4116,
      6.7499,
      4.0223,
      6.855,
      8.2321,
      4.4522,
      8.479,
      7.886,
      7.3461,
      3.5881,
      0.7765,
      2.9801,
      1.5601,
      10.0103,
      2.4437,
      12.0702,
      10.475,
      9.2492,
      4.7308,
      14.1439,
      15.1581
    ],
    [
      2.1339,
      0.998,
      4.0973,
      2.5453,
      0.7063,
      0.6937,
      0.995,
      3.8887,
      1.8686,
      1.8497,
      2.8686,
      3.0394,
      0.0,
      1.1614,
      1.0839,
      1.4974,
      5.1341,
      2.8851,
      5.6177,
      2.5743,
      1.5936,
      2.1886,
      2.0077,
      3.8065,
      4.3343,
      1.4118,
      2.5371,
      2.7708,
      5.1323,
      2.6781,
      3.076,
      1.7985,
      4.1135,
      2.2764,
      4.9055,
      1.4988,
      3.0529,
      6.8857,
      6.6786,
      1.3324,
      4.9743,
      4.0518,
      6.8184,
      3.8235,
      5.2097,
      7.332,
      5.683,
      4.9467,
      4.3184,
      6.54,
      3.636,
      5.9524,
      4.4796,
      7.0944,
      5.4631,
      9.0806,
      7.487,
      6.2475,
      7.5641,
      11.1585,
      12.2096
    ],
    [
      3.1717,
      2.1525,
      4.8045,
      3.6522,
      1.8327,
      1.5144,
      1.4126,
      4.8833,
      2.5085,
      2.7786,
      3.7698,
      3.7727,
      1.1614,
      0.0,
      1.4474,
      2.5643,
      5.8766,
      3.9002,
      6.5317,
      3.728,
      0.5379,
      2.0293,
      0.9957,
      4.6921,
      5.2379,
      1.3298,
      1.5181,
      1.6468,
      5.9648,
      3.2784,
      2.6511,
      2.2041,
      5.1613,
      1.5476,
      5.8033,
      2.0412,
      1.8941,
      7.7422,
      7.6238,
      2.3844,
      5.9372,
      3.0152,
      7.7267,
      3.2658,
      4.5737,
      8.2006,
      4.718,
      4.1282,
      3.724,
      7.3575,
      4.2196,
      6.7519,
      5.0275,
      6.2398,
      6.0743,
      8.3304,
      6.7386,
      5.5361,
      8.4588,
      10.3965,
      11.391
    ],
    [
      2.9783,
      1.4821,
      5.1211,
      3.2398,
      1.5815,
      1.7745,
      2.0524,
      4.7184,
      2.9426,
      2.8173,
      3.8136,
      4.0684,
      1.0839,
      1.4474,
      0.0,
      2.3523,
      6.1328,
      3.7212,
      6.5002,
      3.0828,
      1.9845,
      1.1636,
      2.4413,
      4.7395,
      5.2437,
      2.3588,
      2.1796,
      2.589,
      6.0817,
      3.7473,
      2.112,
      2.8787,
      4.8644,
      1.6341,
      5.8107,
      0.5948,
      3.0054,
      7.8027,
      7.5206,
      1.3266,
      5.8182,
      3.5857,
      7.6941,
      2.8983,
      4.2932,
      8.2368,
      5.0518,
      4.175,
      3.3981,
      7.4862,
      4.6994,
      6.9142,
      5.5445,
      6.3145,
      6.5078,
      8.1962,
      6.6139,
      5.3629,
      8.4461,
      10.272,
      11.3625
    ],
    [
      0.6398,
      0.9741,
      2.8591,
      1.0984,
      0.8039,
      1.0905,
      1.4489,
      2.3983,
      1.1915,
      0.576,
      1.4747,
      1.8558,
      1.4974,
      2.5643,
      2.3523,
      0.0,
      3.8178,
      1.393,
      4.1558,
      1.3301,
      2.862,
      3.5151,
      3.1756,
      2.3895,
      2.8917,
      2.018,
      4.022,
      4.2108,
      3.7333,
      1.7623,
      4.461,
      1.5536,
      2.6176,
      3.7658,
      3.4596,
      2.4758,
      4.4318,
      5.4511,
      5.1974,
      1.5273,
      3.4914,
      5.5384,
      5.3537,
      5.2388,
      6.6339,
      5.8874,
      7.1804,
      6.4289,
      5.7383,
      5.1355,
      2.5921,
      4.5687,
      3.4121,
      8.5783,
      4.2748,
      10.528,
      8.9389,
      7.692,
      6.1037,
      12.6058,
      13.6762
    ],
    [
      3.2574,
      4.7848,
      1.0762,
      3.3371,
      4.5517,
      4.4804,
      4.4647,
      1.9793,
      3.369,
      3.3156,
      2.3466,
      2.1112,
      5.1341,
      5.8766,
      6.1328,
      3.8178,
      0.0,
      2.6445,
      1.3491,
      3.873,
      5.9051,
      7.2919,
      5.9813,
      1.5124,
      1.242,
      4.6804,
      7.3832,
      7.3846,
      0.5839,
      2.6158,
      8.2075,
      3.7134,
      2.323,
      7.345,
      1.0384,
      6.2934,
      7.4115,
      2.0059,
      2.3016,
      5.2865,
      1.5471,
      8.8294,
      2.1901,
      8.9566,
      10.3381,
      2.4708,
      10.5678,
      9.9959,
      9.4498,
      1.544,
      1.7647,
      0.9335,
      1.2782,
      12.1163,
      0.8268,
      14.1813,
      12.5861,
      11.3594,
      2.7959,
      16.2551,
      17.2663
    ],
    [
      0.7532,
      2.2658,
      1.8936,
      0.703,
      2.197,
      2.3866,
      2.6121,
      1.0053,
      1.7648,
      1.1489,
      0.5859,
      1.2733,
      2.8851,
      3.9002,
      3.7212,
      1.393,
      2.6445,
      0.0,
      2.781,
      1.2784,
      4.1284,
      4.8771,
      4.3771,
      1.1332,
      1.5577,
      3.0864,
      5.389,
      5.5415,
      2.443,
      1.6739,
      5.8332,
      2.2728,
      1.2709,
      5.158,
      2.1093,
      3.7681,
      5.7182,
      4.0974,
      3.8063,
      2.6958,
      2.1006,
      6.9034,
      3.973,
      6.6176,
      8.0131,
      4.5225,
      8.5638,
      7.8219,
      7.1176,
      3.816,
      1.9981,
      3.2813,
      2.6371,
      9.9714,
      3.2571,
      11.9124,
      10.3254,
      9.0768,
      4.7252,
      13.9896,
      15.0661
    ],
    [
      3.5226,
      5.0455,
      2.0832,
      3.3516,
      4.9538,
      5.0405,
      5.1428,
      1.805,
      4.0816,
      3.7785,
      2.7657,
      2.8618,
      5.6177,
      6.5317,
      6.5002,
      4.1558,
      1.3491,
      2.781,
      0.0,
      3.7564,
      6.6584,
      7.6577,
      6.8111,
      1.8407,
      1.2938,
      5.4774,
      8.048,
      8.1286,
      0.8117,
      3.4669,
      8.6121,
      4.5177,
      1.8459,
      7.8918,
      0.7328,
      6.5398,
      8.2261,
      1.3416,
      1.1177,
      5.445,
      0.7439,
      9.5432,
      1.2008,
      9.3936,
      10.789,
      1.7451,
      11.2466,
      10.5635,
      9.8934,
      1.1927,
      2.8316,
      0.9494,
      2.5744,
      12.7096,
      2.0895,
      14.6835,
      13.0935,
      11.8475,
      1.9482,
      16.7614,
      17.8257
    ],
    [
      1.107,
      1.6466,
      3.1719,
      0.5917,
      1.9007,
      2.3701,
      2.7695,
      1.9894,
      2.3825,
      1.6166,
      1.7931,
      2.4506,
      2.5743,
      3.728,
      3.0828,
      1.3301,
      3.873,
      1.2784,
      3.7564,
      0.0,
      4.099,
      4.1574,
      4.4506,
      2.3696,
      2.6945,
      3.3456,
      5.0755,
      5.343,
      3.5924,
      2.67,
      5.1235,
      2.8249,
      1.939,
      4.6796,
      3.1843,
      2.9449,
      5.6219,
      5.0978,
      4.6437,
      1.8198,
      3.0174,
      6.5732,
      4.8843,
      5.9222,
      7.2995,
      5.4833,
      8.122,
      7.2552,
      6.4161,
      4.8901,
      3.2174,
      4.4104,
      3.906,
      9.3882,
      4.525,
      11.2001,
      9.6372,
      8.3859,
      5.6306,
      13.2644,
      14.3885
    ],
    [
      3.4314,
      2.5898,
      4.829,
      3.9605,
      2.2022,
      1.7732,
      1.5292,
      5.0824,
      2.5801,
      2.9826,
      3.9262,
      3.8346,
      1.5936,
      0.5379,
      1.9845,
      2.862,
      5.9051,
      4.1284,
      6.6584,
      4.099,
      0.0,
      2.4758,
      0.4579,
      4.821,
      5.3705,
      1.229,
      1.5355,
      1.4807,
      6.0449,
      3.2894,
      2.9832,
      2.1917,
      5.399,
      1.8057,
      5.9259,
      2.5787,
      1.5904,
      7.8231,
      7.765,
      2.8791,
      6.1027,
      2.9247,
      7.8417,
      3.517,
      4.7548,
      8.2866,
      4.6677,
      4.2045,
      3.9443,
      7.4166,
      4.1923,
      6.8048,
      4.9656,
      6.2624,
      6.0298,
      8.4089,
      6.8286,
      5.6603,
      8.5608,
      10.4589,
      11.4134
    ],
    [
      4.1381,
      2.6202,
      6.2723,
      4.37,
      2.7433,
      2.8787,
      3.0782,
      5.8697,
      4.0549,
      3.9777,
      4.9769,
      5.2166,
      2.1886,
      2.0293,
      1.1636,
      3.5151,
      7.2919,
      4.8771,
      7.6577,
      4.1574,
      2.4758,
      0.0,
      2.8744,
      5.903,
      6.4057,
      3.2526,
      1.838,
      2.3627,
      7.2453,
      4.8656,
      0.9677,
      3.9292,
      5.9957,
      1.085,
      6.9719,
      1.2354,
      2.8585,
      8.9641,
      8.6686,
      2.3412,
      6.9696,
      2.8977,
      8.8494,
      1.7657,
      3.1521,
      9.3965,
      4.1241,
      3.1404,
      2.262,
      8.6496,
      5.8245,
      8.0776,
      6.6676,
      5.2449,
      7.6491,
      7.0583,
      5.485,
      4.2328,
      9.6019,
      9.1306,
      10.2372
    ],
    [
      3.7108,
      2.9942,
      4.9102,
      4.269,
      2.5719,
      2.0889,
      1.7679,
      5.3012,
      2.7373,
      3.2289,
      4.1228,
      3.958,
      2.0077,
      0.9957,
      2.4413,
      3.1756,
      5.9813,
      4.3771,
      6.8111,
      4.4506,
      0.4579,
      2.8744,
      0.0,
      4.987,
      5.5352,
      1.3346,
      1.6785,
      1.4716,
      6.1628,
      3.3806,
      3.2994,
      2.2966,
      5.6456,
      2.1005,
      6.079,
      3.0357,
      1.4302,
      7.9336,
      7.9251,
      3.315,
      6.2892,
      2.9106,
      7.9802,
      3.7671,
      4.9374,
      8.3998,
      4.6596,
      4.3082,
      4.1658,
      7.5106,
      4.237,
      6.8963,
      4.9725,
      6.304,
      6.0435,
      8.4885,
      6.9238,
      5.7903,
      8.6863,
      10.5197,
      11.4386
    ],
    [
      1.7875,
      3.3325,
      0.9404,
      1.825,
      3.167,
      3.2079,
      3.3025,
      0.7039,
      2.2505,
      1.9573,
      0.938,
      1.0962,
      3.8065,
      4.6921,
      4.7395,
      2.3895,
      1.5124,
      1.1332,
      1.8407,
      2.3696,
      4.821,
      5.903,
      4.987,
      0.0,
      0.5496,
      3.6524,
      6.2092,
      6.2887,
      1.3443,
      1.7153,
      6.8429,
      2.7057,
      1.1992,
      6.0719,
      1.1113,
      4.8456,
      6.3943,
      3.0792,
      2.9441,
      3.8041,
      1.3202,
      7.7026,
      3.0348,
      7.613,
      9.0057,
      3.5271,
      9.4086,
      8.7433,
      8.1112,
      2.7467,
      1.4168,
      2.1818,
      1.7491,
      10.8857,
      2.1666,
      12.8865,
      11.2933,
      10.0522,
      3.7706,
      14.9645,
      16.0134
    ],
    [
      2.2702,
      3.8121,
      1.137,
      2.2026,
      3.6816,
      3.748,
      3.8513,
      0.7407,
      2.7994,
      2.4893,
      1.4732,
      1.6188,
      4.3343,
      5.2379,
      5.2437,
      2.8917,
      1.242,
      1.5577,
      1.2938,
      2.6945,
      5.3705,
      6.4057,
      5.5352,
      0.5496,
      0.0,
      4.2006,
      6.7542,
      6.8377,
      0.8993,
      2.2373,
      7.3525,
      3.2504,
      1.1017,
      6.6051,
      0.5712,
      5.3208,
      6.9437,
      2.5595,
      2.3945,
      4.2535,
      0.8014,
      8.2498,
      2.4915,
      8.128,
      9.5223,
      2.9993,
      9.9529,
      9.2771,
      8.6271,
      2.2589,
      1.7895,
      1.7299,
      1.891,
      11.4215,
      2.0165,
      13.4098,
      11.8178,
      10.5744,
      3.232,
      15.488,
      16.5438
    ],
    [
      2.4687,
      2.1717,
      3.605,
      3.0669,
      1.6409,
      1.0484,
      0.5877,
      3.9822,
      1.4035,
      1.9507,
      2.7962,
      2.629,
      1.4118,
      1.3298,
      2.3588,
      2.018,
      4.6804,
      3.0864,
      5.4774,
      3.3456,
      1.229,
      3.2526,
      1.3346,
      3.6524,
      4.2006,
      0.0,
      2.7461,
      2.7048,
      4.838,
      2.0664,
      3.964,
      0.9708,
      4.3454,
      2.8769,
      4.745,
      2.8698,
      2.752,
      6.613,
      6.5908,
      2.6674,
      4.9566,
      4.1524,
      6.6494,
      4.5954,
      5.8979,
      7.0781,
      5.8967,
      5.4084,
      5.0532,
      6.1986,
      2.9634,
      5.5855,
      3.7426,
      7.4853,
      4.8038,
      9.6161,
      8.03,
      6.8431,
      7.3597,
      11.6729,
      12.6381
    ],
    [
      4.6479,
      3.4335,
      6.3087,
      5.0824,
      3.2433,
      3.0163,
      2.9263,
      6.382,
      4.0201,
      4.2848,
      5.2842,
      5.2854,
      2.5371,
      1.5181,
      2.1796,
      4.022,
      7.3832,
      5.389,
      8.048,
      5.0755,
      1.5355,
      1.838,
      1.6785,
      6.2092,
      6.7542,
      2.7461,
      0.0,
      0.5337,
      7.4819,
      4.7744,
      1.8305,
      3.6843,
      6.6379,
      0.7564,
      7.3204,
      2.6625,
      1.0362,
      9.2598,
      9.1372,
      3.4675,
      7.4459,
      1.5163,
      9.244,
      2.1367,
      3.259,
      9.7185,
      3.2,
      2.669,
      2.5022,
      8.8724,
      5.7002,
      8.2654,
      6.4884,
      4.7424,
      7.5476,
      6.8743,
      5.2931,
      4.13,
      9.9768,
      8.9274,
      9.8962
    ],
    [
      4.8175,
      3.723,
      6.3087,
      5.2957,
      3.4653,
      3.1553,
      2.9865,
      6.5171,
      4.0568,
      4.4099,
      5.3818,
      5.3145,
      2.7708,
      1.6468,
      2.589,
      4.2108,
      7.3846,
      5.5415,
      8.1286,
      5.343,
      1.4807,
      2.3627,
      1.4716,
      6.2887,
      6.8377,
      2.7048,
      0.5337,
      0.0,
      7.5242,
      4.7692,
      2.3424,
      3.6716,
      6.8057,
      1.2872,
      7.3967,
      3.1104,
      0.5026,
      9.3029,
      9.231,
      3.827,
      7.5572,
      1.4505,
      9.3157,
      2.5678,
      3.5689,
      9.7659,
      3.1997,
      2.8597,
      2.883,
      8.8974,
      5.6635,
      8.2855,
      6.4221,
      4.8324,
      7.4906,
      7.0207,
      5.4626,
      4.354,
      10.0378,
      9.0484,
      9.9701
    ],
    [
      3.1297,
      4.6753,
      1.3138,
      3.1003,
      4.5059,
      4.5116,
      4.5567,
      1.618,
      3.4692,
      3.2842,
      2.2705,
      2.2106,
      5.1323,
      5.9648,
      6.0817,
      3.7333,
      0.5839,
      2.443,
      0.8117,
      3.5924,
      6.0449,
      7.2453,
      6.1628,
      1.3443,
      0.8993,
      4.838,
      7.4819,
      7.5242,
      0.0,
      2.7853,
      8.1819,
      3.8682,
      1.875,
      7.3846,
      0.4979,
      6.188,
      7.5887,
      1.7792,
      1.866,
      5.1358,
      0.9808,
      8.9566,
      1.837,
      8.9482,
      10.3391,
      2.2417,
      10.6801,
      10.0521,
      9.4456,
      1.4078,
      2.0625,
      0.8396,
      1.763,
      12.1882,
      1.3976,
      14.2115,
      12.6171,
      11.3796,
      2.524,
      16.2889,
      17.3261
    ],
    [
      1.576,
      2.6589,
      1.5397,
      2.1201,
      2.2468,
      1.987,
      1.8774,
      2.2315,
      0.8114,
      1.1973,
      1.1254,
      0.6197,
      2.6781,
      3.2784,
      3.7473,
      1.7623,
      2.6158,
      1.6739,
      3.4669,
      2.67,
      3.2894,
      4.8656,
      3.3806,
      1.7153,
      2.2373,
      2.0664,
      4.7744,
      4.7692,
      2.7853,
      0.0,
      5.7278,
      1.0977,
      2.6948,
      4.7814,
      2.7434,
      4.0424,
      4.8092,
      4.5531,
      4.5845,
      3.2515,
      3.0313,
      6.2137,
      4.6128,
      6.4427,
      7.8031,
      5.0194,
      7.9529,
      7.4063,
      6.9265,
      4.1329,
      0.9616,
      3.5194,
      1.8022,
      9.514,
      2.8111,
      11.6055,
      10.0121,
      8.7986,
      5.3093,
      13.6739,
      14.667
    ],
    [
      5.0898,
      3.5834,
      7.1731,
      5.3361,
      3.6762,
      3.7496,
      3.8867,
      6.8293,
      4.9173,
      4.9028,
      5.9115,
      6.1152,
      3.076,
      2.6511,
      2.112,
      4.461,
      8.2075,
      5.8332,
      8.6121,
      5.1235,
      2.9832,
      0.9677,
      3.2994,
      6.8429,
      7.3525,
      3.964,
      1.8305,
      2.3424,
      8.1819,
      5.7278,
      0.0,
      4.7379,
      6.962,
      1.2011,
      7.9206,
      2.1891,
      2.8337,
      9.912,
      9.6303,
      3.3053,
      7.9292,
      2.3485,
      9.8061,
      0.7988,
      2.1855,
      10.3477,
      3.2845,
      2.228,
      1.2943,
      9.5885,
      6.6894,
      9.0104,
      7.5268,
      4.2955,
      8.5308,
      6.0916,
      4.5173,
      3.2651,
      10.5581,
      8.165,
      9.2695
    ],
    [
      1.7876,
      2.1366,
      2.6373,
      2.4179,
      1.6102,
      1.1332,
      0.8532,
      3.0902,
      0.5081,
      1.2368,
      1.8955,
      1.6614,
      1.7985,
      2.2041,
      2.8787,
      1.5536,
      3.7134,
      2.2728,
      4.5177,
      2.8249,
      2.1917,
      3.9292,
      2.2966,
      2.7057,
      3.2504,
      0.9708,
      3.6843,
      3.6716,
      3.8682,
      1.0977,
      4.7379,
      0.0,
      3.4904,
      3.7321,
      3.7866,
      3.2756,
      3.7206,
      5.6424,
      5.6334,
      2.7263,
      4.0201,
      5.1162,
      5.6837,
      5.4224,
      6.7627,
      6.1077,
      6.8565,
      6.329,
      5.8972,
      5.2282,
      2.0177,
      4.6154,
      2.8245,
      8.4264,
      3.8708,
      10.5337,
      8.9425,
      7.7389,
      6.3908,
      12.5979,
      13.5801
    ],
    [
      1.9912,
      3.3827,
      2.1147,
      1.6261,
      3.4117,
      3.6508,
      3.8823,
      0.5012,
      2.9867,
      2.4192,
      1.6105,
      2.1256,
      4.1135,
      5.1613,
      4.8644,
      2.6176,
      2.323,
      1.2709,
      1.8459,
      1.939,
      5.399,
      5.9957,
      5.6456,
      1.1992,
      1.1017,
      4.3454,
      6.6379,
      6.8057,
      1.875,
      2.6948,
      6.962,
      3.4904,
      0.0,
      6.3689,
      1.3934,
      4.8228,
      6.9886,
      3.1793,
      2.7078,
      3.7033,
      1.1024,
      8.154,
      2.9462,
      7.7565,
      9.1475,
      3.5506,
      9.7956,
      9.016,
      8.2552,
      3.0184,
      2.6031,
      2.611,
      2.9166,
      11.1641,
      3.1157,
      13.0536,
      11.4761,
      10.2242,
      3.6916,
      15.1262,
      16.2263
    ],
    [
      4.4051,
      3.0395,
      6.2836,
      4.7669,
      2.9628,
      2.8737,
      2.9047,
      6.1628,
      3.9869,
      4.116,
      5.1345,
      5.2339,
      2.2764,
      1.5476,
      1.6341,
      3.7658,
      7.345,
      5.158,
      7.8918,
      4.6796,
      1.8057,
      1.085,
      2.1005,
      6.0719,
      6.6051,
      2.8769,
      0.7564,
      1.2872,
      7.3846,
      4.7814,
      1.2011,
      3.7321,
      6.3689,
      0.0,
      7.1761,
      2.0275,
      1.788,
      9.149,
      8.9551,
      2.9603,
      7.2505,
      1.9601,
      9.0926,
      1.7237,
      3.031,
      9.599,
      3.4447,
      2.672,
      2.1764,
      8.7896,
      5.7351,
      8.1935,
      6.555,
      4.8183,
      7.5905,
      6.8364,
      5.2411,
      4.0183,
      9.8367,
      8.911,
      9.9424
    ],
    [
      2.8343,
      4.372,
      1.4342,
      2.7268,
      4.2515,
      4.3173,
      4.4115,
      1.1949,
      3.3488,
      3.0602,
      2.0431,
      2.1339,
      4.9055,
      5.8033,
      5.8107,
      3.4596,
      1.0384,
      2.1093,
      0.7328,
      3.1843,
      5.9259,
      6.9719,
      6.079,
      1.1113,
      0.5712,
      4.745,
      7.3204,
      7.3967,
      0.4979,
      2.7434,
      7.9206,
      3.7866,
      1.3934,
      7.1761,
      0.0,
      5.8773,
      7.4933,
      1.9923,
      1.8469,
      4.7999,
      0.5157,
      8.8132,
      1.9236,
      8.6973,
      10.0919,
      2.4289,
      10.5198,
      9.848,
      9.1966,
      1.7154,
      2.1656,
      1.2339,
      2.0523,
      11.9922,
      1.8651,
      13.9804,
      12.3887,
      11.1449,
      2.6615,
      16.0586,
      17.115
    ],
    [
      3.0584,
      1.5132,
      5.3231,
      3.2063,
      1.7995,
      2.1433,
      2.4937,
      4.7374,
      3.2615,
      3.0031,
      3.9483,
      4.2904,
      1.4988,
      2.0412,
      0.5948,
      2.4758,
      6.2934,
      3.7681,
      6.5398,
      2.9449,
      2.5787,
      1.2354,
      3.0357,
      4.8456,
      5.3208,
      2.8698,
      2.6625,
      3.1104,
      6.188,
      4.0424,
      2.1891,
      3.2756,
      4.8228,
      2.0275,
      5.8773,
      0.0,
      3.5496,
      7.8645,
      7.5179,
      1.1261,
      5.8324,
      3.9818,
      7.7189,
      2.9866,
      4.3559,
      8.2846,
      5.3341,
      4.3744,
      3.4764,
      7.5788,
      4.9712,
      7.0269,
      5.8135,
      6.479,
      6.7315,
      8.2553,
      6.6942,
      5.4439,
      8.472,
      10.3203,
      11.4445
    ],
    [
      5.0155,
      4.0342,
      6.3403,
      5.528,
      3.7247,
      3.3508,
      3.1176,
      6.6719,
      4.1449,
      4.573,
      5.5104,
      5.3809,
      3.0529,
      1.8941,
      3.0054,
      4.4318,
      7.4115,
      5.7182,
      8.2261,
      5.6219,
      1.5904,
      2.8585,
      1.4302,
      6.3943,
      6.9437,
      2.752,
      1.0362,
      0.5026,
      7.5887,
      4.8092,
      2.8337,
      3.7206,
      6.9886,
      1.788,
      7.4933,
      3.5496,
      0.0,
      9.3616,
      9.3371,
      4.1933,
      7.6854,
      1.5711,
      9.4011,
      3.0083,
      3.9119,
      9.8274,
      3.2892,
      3.1211,
      3.2862,
      8.9404,
      5.6654,
      8.3262,
      6.3902,
      4.9774,
      7.4618,
      7.2009,
      5.6723,
      4.6195,
      10.1113,
      9.1982,
      10.0745
    ],
    [
      4.8265,
      6.3624,
      3.0379,
      4.6882,
      6.2403,
      6.2794,
      6.3354,
      3.1403,
      5.2484,
      5.0364,
      4.0172,
      3.9885,
      6.8857,
      7.7422,
      7.8027,
      5.4511,
      2.0059,
      4.0974,
      1.3416,
      5.0978,
      7.8231,
      8.9641,
      7.9336,
      3.0792,
      2.5595,
      6.613,
      9.2598,
      9.3029,
      1.7792,
      4.5531,
      9.912,
      5.6424,
      3.1793,
      9.149,
      1.9923,
      7.8645,
      9.3616,
      0.0,
      0.8909,
      6.7775,
      2.0819,
      10.7359,
      0.5017,
      10.6871,
      12.0811,
      0.4676,
      12.4586,
      11.8193,
      11.1861,
      0.5026,
      3.7615,
      1.0749,
      3.2429,
      13.9589,
      2.3585,
      15.9654,
      14.3724,
      13.1307,
      0.7963,
      18.0435,
      19.0913
    ],
    [
      4.5584,
      6.0485,
      3.1752,
      4.3115,
      6.0007,
      6.1231,
      6.2445,
      2.8033,
      5.1922,
      4.8557,
      3.8541,
      3.9792,
      6.6786,
      7.6238,
      7.5206,
      5.1974,
      2.3016,
      3.8063,
      1.1177,
      4.6437,
      7.765,
      8.6686,
      7.9251,
      2.9441,
      2.3945,
      6.5908,
      9.1372,
      9.231,
      1.866,
      4.5845,
      9.6303,
      5.6334,
      2.7078,
      8.9551,
      1.8469,
      7.5179,
      9.3371,
      0.8909,
      0.0,
      6.4044,
      1.706,
      10.6383,
      0.3984,
      10.4188,
      11.8137,
      0.9998,
      12.3323,
      11.6238,
      10.9187,
      1.2106,
      3.9253,
      1.5145,
      3.5778,
      13.7725,
      2.8805,
      15.7161,
      14.1306,
      12.8812,
      1.0159,
      17.7925,
      18.8725
    ],
    [
      2.0292,
      0.6012,
      4.3703,
      2.097,
      1.1182,
      1.6762,
      2.1361,
      3.64,
      2.5537,
      2.0989,
      2.9473,
      3.3826,
      1.3324,
      2.3844,
      1.3266,
      1.5273,
      5.2865,
      2.6958,
      5.445,
      1.8198,
      2.8791,
      2.3412,
      3.315,
      3.8041,
      4.2535,
      2.6674,
      3.4675,
      3.827,
      5.1358,
      3.2515,
      3.3053,
      2.7263,
      3.7033,
      2.9603,
      4.7999,
      1.1261,
      4.1933,
      6.7775,
      6.4044,
      0.0,
      4.7283,
      4.9071,
      6.6148,
      4.1041,
      5.4797,
      7.1897,
      6.3705,
      5.4594,
      4.5969,
      6.511,
      4.1165,
      5.9752,
      4.9394,
      7.5816,
      5.7881,
      9.3809,
      7.8175,
      6.5664,
      7.3673,
      11.4464,
      12.5687
    ],
    [
      2.8524,
      4.3507,
      1.8726,
      2.6314,
      4.2947,
      4.4297,
      4.5751,
      1.1,
      3.5532,
      3.1611,
      2.1768,
      2.4116,
      4.9743,
      5.9372,
      5.8182,
      3.4914,
      1.5471,
      2.1006,
      0.7439,
      3.0174,
      6.1027,
      6.9696,
      6.2892,
      1.3202,
      0.8014,
      4.9566,
      7.4459,
      7.5572,
      0.9808,
      3.0313,
      7.9292,
      4.0201,
      1.1024,
      7.2505,
      0.5157,
      5.8324,
      7.6854,
      2.0819,
      1.706,
      4.7283,
      0.0,
      8.9523,
      1.8868,
      8.7161,
      10.1113,
      2.469,
      10.6366,
      9.9183,
      9.216,
      1.9211,
      2.5706,
      1.5626,
      2.5446,
      12.0673,
      2.3721,
      14.0122,
      12.4258,
      11.1769,
      2.6397,
      16.089,
      17.1667
    ],
    [
      6.1637,
      4.9271,
      7.7533,
      6.5965,
      4.7581,
      4.5251,
      4.404,
      7.8938,
      5.4875,
      5.7924,
      6.7842,
      6.7499,
      4.0518,
      3.0152,
      3.5857,
      5.5384,
      8.8294,
      6.9034,
      9.5432,
      6.5732,
      2.9247,
      2.8977,
      2.9106,
      7.7026,
      8.2498,
      4.1524,
      1.5163,
      1.4505,
      8.9566,
      6.2137,
      2.3485,
      5.1162,
      8.154,
      1.9601,
      8.8132,
      3.9818,
      1.5711,
      10.7359,
      10.6383,
      4.9071,
      8.9523,
      0.0,
      10.7356,
      2.0843,
      2.5377,
      11.1973,
      1.7501,
      1.6216,
      2.1477,
      10.3366,
      7.1133,
      9.726,
      7.8722,
      3.4104,
      8.9409,
      5.6298,
      4.1065,
      3.0965,
      11.4633,
      7.6321,
      8.5295
    ],
    [
      4.7186,
      6.233,
      3.1465,
      4.5178,
      6.153,
      6.2395,
      6.3325,
      2.9828,
      5.2619,
      4.9789,
      3.9647,
      4.0223,
      6.8184,
      7.7267,
      7.6941,
      5.3537,
      2.1901,
      3.973,
      1.2008,
      4.8843,
      7.8417,
      8.8494,
      7.9802,
