{
  "name": "nyc_brooklyn",
  "n_nodes": 31,
  "depot": 0,
  "node_location_ids": [
    65,
    97,
    255,
    33,
    66,
    52,
    256,
    39,
    40,
    61,
    188,
    72,
    25,
    195,
    14,
    225,
    112,
    91,
    76,
    80,
    11,
    29,
    35,
    71,
    62,
    49,
    89,
    106,
    181,
    149,
    210
  ],
  "lat": [
    40.695371816000105,
    40.6906169780001,
    40.71883706052968,
    40.69623825130231,
    40.70173301050009,
    40.686604419000105,
    40.71098031374281,
    40.63887742643444,
    40.67850403700013,
    40.6738412455001,
    40.65755878250008,
    40.652452265000086,
    40.68561524650012,
    40.67546498065806,
    40.623583720490814,
    40.688784627000096,
    40.728829714338886,
    40.62738908150008,
    40.658702184500136,
    40.714461472391136,
    40.60397746100011,
    40.58219309250013,
    40.66380005100012,
    40.6439282315001,
    40.66708341150007,
    40.68851424250012,
    40.6409824860001,
    40.6733614310001,
    40.672020351000086,
    40.606553389000126,
    40.5937753706899
  ],
  "lon": [
    -73.98557086538796,
    -73.97557690632013,
    -73.95713431584907,
    -73.9953288798599,
    -73.98638255374917,
    -73.99692250825026,
    -73.95910848281363,
    -73.8997823406186,
    -73.99581789896946,
    -73.94128334203586,
    -73.94519994942705,
    -73.92020922969694,
    -73.98645968364016,
    -74.00955412350567,
    -74.0304481023092,
    -73.93144991546943,
    -73.94848185261438,
    -73.93254325315539,
    -73.87838079747581,
    -73.94233580712347,
    -74.01061463599257,
    -73.96058036145169,
    -73.91247128385568,
    -73.93773452039369,
    -73.94926891100678,
    -73.9649334305031,
    -73.96269443237776,
    -73.99176324091857,
    -73.97904398320765,
    -73.9484734192497,
    -73.9443429909079
  ],
  "distance_km": [
    [
      0.0,
      0.9947,
      3.5431,
      0.8283,
      0.7106,
      1.3662,
      2.8263,
      9.5821,
      2.065,
      4.4359,
      5.4101,
      7.2911,
      1.0875,
      2.9982,
      8.8346,
      4.6214,
      4.8593,
      8.7835,
      9.9164,
      4.2176,
      10.3799,
      12.7603,
      7.0938,
      6.9999,
      4.3892,
      1.8997,
      6.3481,
      2.5025,
      2.6542,
      10.3602,
      11.8204
    ],
    [
      0.9947,
      0.0,
      3.5019,
      1.7787,
      1.5355,
      1.8542,
      2.656,
      8.6005,
      2.1742,
      3.4412,
      4.4805,
      6.3098,
      1.073,
      3.3237,
      8.774,
      3.7261,
      4.8239,
      7.9124,
      8.932,
      3.8577,
      10.0772,
      12.1224,
      6.1002,
      6.0942,
      3.4307,
      0.9274,
      5.625,
      2.3547,
      2.0884,
      9.6231,
      11.0861
    ],
    [
      3.5431,
      3.5019,
      0.0,
      4.0841,
      3.1136,
      4.9087,
      0.8893,
      10.1214,
      5.5451,
      5.1787,
      6.8877,
      8.0114,
      4.4449,
      6.5413,
      12.2643,
      3.9818,
      1.329,
      10.3779,
      9.4235,
      1.3388,
      13.5451,
      15.1969,
      7.1856,
      8.4886,
      5.7928,
      3.4352,
      8.6697,
      5.8389,
      5.5238,
      12.5067,
      13.948
    ],
    [
      0.8283,
      1.7787,
      4.0841,
      0.0,
      0.9706,
      1.0796,
      3.4655,
      10.2773,
      1.9724,
      5.1932,
      6.0307,
      7.9899,
      1.398,
      2.6027,
      8.6048,
      5.449,
      5.3595,
      9.3089,
      10.709,
      4.9051,
      10.3397,
      13.0158,
      7.8631,
      7.5781,
      5.0591,
      2.7027,
      6.7325,
      2.5615,
      3.0228,
      10.7273,
      12.1784
    ],
    [
      0.7106,
      1.5355,
      3.1136,
      0.9706,
      0.0,
      1.9025,
      2.5185,
      10.1091,
      2.7027,
      4.907,
      6.0156,
      7.821,
      1.7922,
      3.514,
      9.4513,
      4.8498,
      4.3911,
      9.4318,
      10.2877,
      3.9733,
      11.0605,
      13.4693,
      7.5255,
      7.6254,
      4.9637,
      2.3303,
      7.0444,
      3.1872,
      3.3613,
      11.0561,
      12.5173
    ],
    [
      1.3662,
      1.8542,
      4.9087,
      1.0796,
      1.9025,
      0.0,
      4.1844,
      9.7621,
      0.9055,
      4.9018,
      5.4276,
      7.5021,
      0.889,
      1.6336,
      7.5568,
      5.5257,
      6.2223,
      8.5351,
      10.4676,
      5.5471,
      9.26,
      12.0082,
      7.5599,
      6.8877,
      4.5674,
      2.7056,
      5.8369,
      1.5355,
      2.2142,
      9.7949,
      11.2351
    ],
    [
      2.8263,
      2.656,
      0.8893,
      3.4655,
      2.5185,
      4.1844,
      0.0,
      9.4505,
      4.7559,
      4.3946,
      6.0549,
      7.2879,
      3.643,
      5.8038,
      11.43,
      3.3953,
      2.1775,
      9.5611,
      8.9513,
      1.4657,
      12.6666,
      14.321,
      6.5563,
      7.6706,
      4.9511,
      2.5459,
      7.7893,
      5.0077,
      4.6468,
      11.6463,
      13.092
    ],
    [
      9.5821,
      8.6005,
      10.1214,
      10.2773,
      10.1091,
      9.7621,
      9.4505,
      0.0,
      9.2217,
      5.2317,
      4.3586,
      2.291,
      8.97,
      10.1141,
      11.1569,
      6.1588,
      10.8124,
      3.0454,
      2.8495,
      9.1386,
      10.1273,
      8.1282,
      2.9708,
      3.2511,
      5.2216,
      7.7885,
      5.3135,
      8.6549,
      7.6347,
      5.4595,
      6.2688
    ],
    [
      2.065,
      2.1742,
      5.5451,
      1.9724,
      2.7027,
      0.9055,
      4.7559,
      9.2217,
      0.0,
      4.6281,
      4.8631,
      7.0043,
      1.1171,
      1.2067,
      6.7697,
      5.5467,
      6.8729,
      7.7973,
      10.1465,
      6.0263,
      8.3805,
      11.1145,
      7.2169,
      6.2277,
      4.126,
      2.8321,
      5.0213,
      0.6663,
      1.5877,
      8.9424,
      10.3744
    ],
    [
      4.4359,
      3.4412,
      5.1787,
      5.1932,
      4.907,
      4.9018,
      4.3946,
      5.2317,
      4.6281,
      0.0,
      1.8404,
      2.9692,
      4.0282,
      5.7603,
      9.3711,
      1.857,
      6.1445,
      5.2176,
      5.5661,
      4.5176,
      9.7248,
      10.3201,
      2.6742,
      3.3396,
      1.0091,
      2.5767,
      4.0758,
      4.2575,
      3.191,
      7.5066,
      8.9067
    ],
    [
      5.4101,
      4.4805,
      6.8877,
      6.0307,
      6.0156,
      5.4276,
      6.0549,
      4.3586,
      4.8631,
      1.8404,
      0.0,
      2.1833,
      4.6734,
      5.7815,
      8.1246,
      3.6607,
      7.9298,
      3.5206,
      5.6379,
      6.3319,
      8.1222,
      8.4802,
      2.8466,
      1.6413,
      1.1133,
      3.8233,
      2.3613,
      4.3025,
      3.2764,
      5.6783,
      7.0928
    ],
    [
      7.2911,
      6.3098,
      8.0114,
      7.9899,
      7.821,
      7.5021,
      7.2879,
      2.291,
      7.0043,
      2.9692,
      2.1833,
      0.0,
      6.6947,
      7.9585,
      9.8402,
      4.1497,
      8.821,
      2.9749,
      3.5963,
      7.1431,
      9.3414,
      8.5233,
      1.4206,
      1.7563,
      2.942,
      5.5052,
      3.8045,
      6.4677,
      5.4187,
      5.6336,
      6.8351
    ],
    [
      1.0875,
      1.073,
      4.4449,
      1.398,
      1.7922,
      0.889,
      3.643,
      8.97,
      1.1171,
      4.0282,
      4.6734,
      6.6947,
      0.0,
      2.2509,
      7.8324,
      4.6516,
      5.7739,
      7.9123,
      9.5936,
      4.9117,
      9.3037,
      11.7055,
      6.6946,
      6.1949,
      3.7527,
      1.8434,
      5.3525,
      1.4341,
      1.6359,
      9.3572,
      10.8128
    ],
    [
      2.9982,
      3.3237,
      6.5413,
      2.6027,
      3.514,
      1.6336,
      5.8038,
      10.1141,
      1.2067,
      5.7603,
      5.7815,
      7.9585,
      2.2509,
      0.0,
      6.0322,
      6.7505,
      7.8559,
      8.4134,
      11.2194,
      7.1356,
      7.9496,
      11.1645,
      8.29,
      6.9998,
      5.169,
      4.0327,
      5.5069,
      1.5185,
      2.6014,
      9.2345,
      10.6202
    ],
    [
      8.8346,
      8.774,
      12.2643,
      8.6048,
      9.4513,
      7.5568,
      11.43,
      11.1569,
      6.7697,
      9.3711,
      8.1246,
      9.8402,
      7.8324,
      6.0322,
      0.0,
      11.0591,
      13.5917,
      8.2735,
      13.4118,
      12.5435,
      2.7488,
      7.4816,
      10.9123,
      8.1441,
      8.3849,
      9.0923,
      6.0359,
      6.4256,
      6.9149,
      7.1738,
      7.9887
    ],
    [
      4.6214,
      3.7261,
      3.9818,
      5.449,
      4.8498,
      5.5257,
      3.3953,
      6.1588,
      5.5467,
      1.857,
      3.6607,
      4.1497,
      4.6516,
      6.7505,
      11.0591,
      0.0,
      4.6785,
      6.8275,
      5.5874,
      2.999,
      11.5558,
      12.1046,
      3.2062,
      5.0159,
      2.8427,
      2.8233,
      5.9328,
      5.3673,
      4.4252,
      9.2558,
      10.6204
    ],
    [
      4.8593,
      4.8239,
      1.329,
      5.3595,
      4.3911,
      6.2223,
      2.1775,
      10.8124,
      6.8729,
      6.1445,
      7.9298,
      8.821,
      5.7739,
      7.8559,
      13.5917,
      4.6785,
      0.0,
      11.3595,
      9.7845,
      1.6795,
      14.8391,
      16.3372,
      7.8424,
      9.484,
      6.8662,
      4.6925,
      9.8414,
      7.1662,
      6.8221,
      13.5965,
      15.0214
    ],
    [
      8.7835,
      7.9124,
      10.3779,
      9.3089,
      9.4318,
      8.5351,
      9.5611,
      3.0454,
      7.7973,
      5.2176,
      3.5206,
      2.9749,
      7.9123,
      8.4134,
      8.2735,
      6.8275,
      11.3595,
      0.0,
      5.7451,
      9.7172,
      7.0854,
      5.5551,
      4.3886,
      1.8905,
      4.6339,
      7.3254,
      2.9594,
      7.1478,
      6.3261,
      2.6787,
      3.8681
    ],
    [
      9.9164,
      8.932,
      9.4235,
      10.709,
      10.2877,
      10.4676,
      8.9513,
      2.8495,
      10.1465,
      5.5661,
      5.6379,
      3.5963,
      9.5936,
      11.2194,
      13.4118,
      5.5874,
      9.7845,
      5.7451,
      0.0,
      8.2171,
      12.7102,
      10.9776,
      2.9309,
      5.2698,
      6.0514,
      8.0168,
      7.3809,
      9.701,
      8.6186,
      8.2831,
      9.1165
    ],
    [
      4.2176,
      3.8577,
      1.3388,
      4.9051,
      3.9733,
      5.5471,
      1.4657,
      9.1386,
      6.0263,
      4.5176,
      6.3319,
      7.1431,
      4.9117,
      7.1356,
      12.5435,
      2.999,
      1.6795,
      9.7172,
      8.2171,
      0.0,
      13.5683,
      14.7879,
      6.1704,
      7.8525,
      5.3005,
      3.4573,
      8.3489,
      6.1847,
      5.6435,
      12.01,
      13.4208
    ],
    [
      10.3799,
      10.0772,
      13.5451,
      10.3397,
      11.0605,
      9.26,
      12.6666,
      10.1273,
      8.3805,
      9.7248,
      8.1222,
      9.3414,
      9.3037,
      7.9496,
      2.7488,
      11.5558,
      14.8391,
      7.0854,
      12.7102,
      13.5683,
      0.0,
      4.8699,
      10.6224,
      7.5873,
      8.7198,
      10.1595,
      5.7696,
      7.8774,
      8.0213,
      5.2538,
      5.7091
    ],
    [
      12.7603,
      12.1224,
      15.1969,
      13.0158,
      13.4693,
      12.0082,
      14.321,
      8.1282,
      11.1145,
      10.3201,
      8.4802,
      8.5233,
      11.7055,
      11.1645,
      7.4816,
      12.1046,
      16.3372,
      5.5551,
      10.9776,
      14.7879,
      4.8699,
      0.0,
      9.9413,
      7.1304,
      9.4875,
      11.8281,
      6.5395,
      10.4735,
      10.1091,
      2.8952,
      1.8811
    ],
    [
      7.0938,
      6.1002,
      7.1856,
      7.8631,
      7.5255,
      7.5599,
      6.5563,
      2.9708,
      7.2169,
      2.6742,
      2.8466,
      1.4206,
      6.6946,
      8.29,
      10.9123,
      3.2062,
      7.8424,
      4.3886,
      2.9309,
      6.1704,
      10.6224,
      9.9413,
      0.0,
      3.0699,
      3.1251,
      5.2082,
      4.9385,
      6.7715,
      5.6887,
      7.0533,
      8.2379
    ],
    [
      6.9999,
      6.0942,
      8.4886,
      7.5781,
      7.6254,
      6.8877,
      7.6706,
      3.2511,
      6.2277,
      3.3396,
      1.6413,
      1.7563,
      6.1949,
      6.9998,
      8.1441,
      5.0159,
      9.484,
      1.8905,
      5.2698,
      7.8525,
      7.5873,
      7.1304,
      3.0699,
      0.0,
      2.7525,
      5.4628,
      2.1313,
      5.6109,
      4.6797,
      4.2536,
      5.6046
    ],
    [
      4.3892,
      3.4307,
      5.7928,
      5.0591,
      4.9637,
      4.5674,
      4.9511,
      5.2216,
      4.126,
      1.0091,
      1.1133,
      2.942,
      3.7527,
      5.169,
      8.3849,
      2.8427,
      6.8662,
      4.6339,
      6.0514,
      5.3005,
      8.7198,
      9.4875,
      3.1251,
      2.7525,
      0.0,
      2.7246,
      3.1154,
      3.6513,
      2.5705,
      6.731,
      8.1621
    ],
    [
      1.8997,
      0.9274,
      3.4352,
      2.7027,
      2.3303,
      2.7056,
      2.5459,
      7.7885,
      2.8321,
      2.5767,
      3.8233,
      5.5052,
      1.8434,
      4.0327,
      9.0923,
      2.8233,
      4.6925,
      7.3254,
      8.0168,
      3.4573,
      10.1595,
      11.8281,
      5.2082,
      5.4628,
      2.7246,
      0.0,
      5.2887,
      2.8209,
      2.1862,
      9.2188,
      10.6768
    ],
    [
      6.3481,
      5.625,
      8.6697,
      6.7325,
      7.0444,
      5.8369,
      7.7893,
      5.3135,
      5.0213,
      4.0758,
      2.3613,
      3.8045,
      5.3525,
      5.5069,
      6.0359,
      5.9328,
      9.8414,
      2.9594,
      7.3809,
      8.3489,
      5.7696,
      6.5395,
      4.9385,
      2.1313,
      3.1154,
      5.2887,
      0.0,
      4.3561,
      3.7166,
      4.0121,
      5.473
    ],
    [
      2.5025,
      2.3547,
      5.8389,
      2.5615,
      3.1872,
      1.5355,
      5.0077,
      8.6549,
      0.6663,
      4.2575,
      4.3025,
      6.4677,
      1.4341,
      1.5185,
      6.4256,
      5.3673,
      7.1662,
      7.1478,
      9.701,
      6.1847,
      7.8774,
      10.4735,
      6.7715,
      5.6109,
      3.6513,
      2.8209,
      4.3561,
      0.0,
      1.083,
      8.2781,
      9.7122
    ],
    [
      2.6542,
      2.0884,
      5.5238,
      3.0228,
      3.3613,
      2.2142,
      4.6468,
      7.6347,
      1.5877,
      3.191,
      3.2764,
      5.4187,
      1.6359,
      2.6014,
      6.9149,
      4.4252,
      6.8221,
      6.3261,
      8.6186,
      5.6435,
      8.0213,
      10.1091,
      5.6887,
      4.6797,
      2.5705,
      2.1862,
      3.7166,
      1.083,
      0.0,
      7.7231,
      9.18
    ],
    [
      10.3602,
      9.6231,
      12.5067,
      10.7273,
      11.0561,
      9.7949,
      11.6463,
      5.4595,
      8.9424,
      7.5066,
      5.6783,
      5.6336,
      9.3572,
      9.2345,
      7.1738,
      9.2558,
      13.5965,
      2.6787,
      8.2831,
      12.01,
      5.2538,
      2.8952,
      7.0533,
      4.2536,
      6.731,
      9.2188,
      4.0121,
      8.2781,
      7.7231,
      0.0,
      1.463
    ],
    [
      11.8204,
      11.0861,
      13.948,
      12.1784,
      12.5173,
      11.2351,
      13.092,
      6.2688,
      10.3744,
      8.9067,
      7.0928,
      6.8351,
      10.8128,
      10.6202,
      7.9887,
      10.6204,
      15.0214,
      3.8681,
      9.1165,
      13.4208,
      5.7091,
      1.8811,
      8.2379,
      5.6046,
      8.1621,
      10.6768,
      5.473,
      9.7122,
      9.18,
      1.463,
      0.0
    ]
  ],
  "vehicle_capacity_m3": 12.0,
  "service_time_min": 6.0,
  "shift": [
    8.0,
    16.0
  ],
  "speed_levels_kmh": {
    "low": 12.2,
    "med": 13.9,
    "high": 16.3
  },
  "base_demand_m3": [
    0.0,
    0.934,
    0.674,
    1.819,
    1.236,
    0.933,
    0.793,
    2.205,
    1.588,
    1.363,
    0.615,
    2.075,
    1.015,
    1.853,
    2.062,
    0.783,
    2.195,
    2.042,
    1.442,
    1.731,
    0.914,
    1.73,
    1.195,
    1.002,
    1.681,
    1.107,
    1.695,
    1.964,
    0.902,
    0.784,
    0.992
  ],
  "demand_cv": [
    0.0,
    0.36,
    0.205,
    0.207,
    0.231,
    0.578,
    0.311,
    0.233,
    0.364,
    0.261,
    0.191,
    0.265,
    0.238,
    0.243,
    0.529,
    0.442,
    0.296,
    0.442,
    0.214,
    0.342,
    0.334,
    0.202,
    0.396,
    0.258,
    0.359,
    0.516,
    0.265,
    0.216,
    0.201,
    0.285,
    0.415
  ],
  "time_window": [
    [
      8.0,
      16.0
    ],
    [
      8.0,
      16.0
    ],
    [
      8.0,
      16.0
    ],
    [
      8.0,
      16.0
    ],
    [
      8.0,
      16.0
    ],
    [
      8.0,
      16.0
    ],
    [
      8.0,
      16.0
    ],
    [
      8.0,
      16.0
    ],
    [
      8.0,
      16.0
    ],
    [
      8.0,
      16.0
    ],
    [
      8.0,
      16.0
    ],
    [
      8.0,
      16.0
    ],
    [
      8.0,
      16.0
    ],
    [
      8.0,
      16.0
    ],
    [
      8.0,
      16.0
    ],
    [
      8.0,
      16.0
    ],
    [
      8.0,
      16.0
    ],
    [
      8.0,
      16.0
    ],
    [
      8.0,
      16.0
    ],
    [
      8.0,
      16.0
    ],
    [
      8.0,
      16.0
    ],
    [
      8.0,
      16.0
    ],
    [
      8.0,
      16.0
    ],
    [
      8.0,
      16.0
    ],
    [
      8.0,
      16.0
    ],
    [
      8.0,
      16.0
    ],
    [
      8.0,
      16.0
    ],
    [
      8.0,
      16.0
    ],
    [
      8.0,
      16.0
    ],
    [
      8.0,
      16.0
    ],
    [
      8.0,
      16.0
    ]
  ]
}