{
  "name": "peshawar_real",
  "n_nodes": 111,
  "depot": 0,
  "lat": [
    34.045903,
    34.00333,
    33.999504,
    34.00073,
    34.00073,
    33.99954,
    34.00497,
    34.00164,
    34.003,
    34.00488,
    34.00484,
    34.00243,
    34.0099,
    34.010696,
    34.013037,
    34.008249,
    34.013067,
    34.009598,
    34.008798,
    34.01092,
    34.01575,
    34.009,
    34.01314,
    34.01102,
    34.01001,
    34.01286,
    34.017539,
    34.005427,
    34.015735,
    34.01176,
    34.00565,
    34.00373,
    34.01936,
    34.023327,
    34.023323,
    34.031121,
    34.019097,
    34.034403,
    34.0313,
    34.00873,
    34.008951,
    34.001769,
    34.001208,
    34.003298,
    34.008163,
    34.0132,
    34.014361,
    34.021828,
    34.006391,
    34.031861,
    34.012637,
    34.013056,
    34.011265,
    34.010374,
    34.013898,
    34.010068,
    34.021771,
    34.039361,
    34.031501,
    34.025736,
    34.019218,
    34.026788,
    34.039541,
    34.030528,
    34.003504,
    34.014716,
    34.01838,
    34.002441,
    34.009033,
    34.025491,
    34.017475,
    34.023158,
    34.024893,
    34.016099,
    34.014963,
    34.014903,
    34.027705,
    34.003775,
    34.013168,
    34.027645,
    34.019988,
    34.003057,
    34.004313,
    34.013766,
    34.003595,
    34.036244,
    34.026285,
    34.003519,
    34.0011,
    34.03226,
    34.029771,
    34.020879,
    34.026351,
    33.996484,
    33.995638,
    34.004015,
    34.013322,
    33.990814,
    33.989908,
    33.981755,
    33.997355,
    33.989304,
    33.991719,
    33.982158,
    34.014461,
    33.994437,
    33.999066,
    34.002286,
    34.00772,
    34.045903,
    34.00333
  ],
  "lon": [
    71.532091,
    71.46727,
    71.469066,
    71.468739,
    71.468731,
    71.47014,
    71.49059,
    71.49126,
    71.4929,
    71.49536,
    71.4966,
    71.49494,
    71.51991,
    71.520983,
    71.525471,
    71.519407,
    71.504997,
    71.510711,
    71.515354,
    71.51756,
    71.52402,
    71.51865,
    71.5137262,
    71.50221,
    71.508988,
    71.503007,
    71.498173,
    71.50145,
    71.493051,
    71.5022,
    71.49718,
    71.50043,
    71.49216,
    71.492933,
    71.485849,
    71.488446,
    71.492207,
    71.486495,
    71.48849,
    71.4615,
    71.518679,
    71.422714,
    71.420222,
    71.467093,
    71.46318,
    71.466378,
    71.461538,
    71.458935,
    71.462707,
    71.470646,
    71.43433763,
    71.435566,
    71.434363,
    71.447001,
    71.433799,
    71.432005,
    71.535448,
    71.527272,
    71.531981,
    71.535138,
    71.537193,
    71.534556,
    71.524646,
    71.528913,
    71.467207,
    71.49068,
    71.536411,
    71.500136,
    71.512861,
    71.52435,
    71.538929,
    71.524134,
    71.518937,
    71.49382,
    71.507461,
    71.496563,
    71.49548,
    71.5054464,
    71.487469,
    71.495552,
    71.459826,
    71.481551,
    71.471807,
    71.466249,
    71.48386,
    71.490414,
    71.474107,
    71.46827,
    71.492389,
    71.462777,
    71.472905,
    71.470502,
    71.443279,
    71.44777,
    71.47043,
    71.467776,
    71.478902,
    71.489694,
    71.485446,
    71.493457,
    71.501954,
    71.456314,
    71.510329,
    71.511907,
    71.502075,
    71.522225,
    71.500133,
    71.48180465,
    71.483139,
    71.532091,
    71.46727
  ],
  "distance_km": [
    [
      0.0,
      7.6221,
      7.7689,
      7.7019,
      7.7024,
      7.6925,
      5.9451,
      6.1955,
      5.9836,
      5.6803,
      5.6166,
      5.9236,
      4.1578,
      4.0465,
      3.7051,
      4.347,
      4.4233,
      4.4921,
      4.4048,
      4.114,
      3.4344,
      4.2863,
      4.017,
      4.7569,
      4.5235,
      4.5479,
      4.4403,
      5.3132,
      4.9189,
      4.6905,
      5.5122,
      5.5231,
      4.7171,
      4.3956,
      4.9458,
      4.3445,
      4.732,
      4.3916,
      4.3333,
      7.7074,
      4.2907,
      11.2112,
      11.4451,
      7.6371,
      7.6118,
      7.0636,
      7.3873,
      7.2533,
      7.7581,
      5.8731,
      9.7381,
      9.6157,
      9.795,
      8.7804,
      9.7319,
      10.0473,
      2.7011,
      0.8522,
      1.6015,
      2.26,
      3.0043,
      2.1376,
      0.9854,
      1.7345,
      7.6146,
      5.1564,
      3.0862,
      5.6593,
      4.4664,
      2.3792,
      3.2232,
      2.6333,
      2.6319,
      4.8395,
      4.1216,
      4.754,
      3.9339,
      5.289,
      5.4916,
      3.9316,
      7.2559,
      6.6627,
      7.2285,
      7.0416,
      6.4721,
      3.9875,
      5.7711,
      7.5369,
      6.1811,
      6.5645,
      5.741,
      6.3208,
      8.4675,
      9.5178,
      7.9708,
      7.5383,
      6.0951,
      7.2658,
      7.5663,
      7.9724,
      6.0709,
      9.4013,
      6.3501,
      7.3282,
      4.4581,
      5.7945,
      5.9832,
      6.7082,
      6.1949,
      0.0,
      7.6221
    ],
    [
      7.6221,
      0.0,
      0.4565,
      0.3192,
      0.3189,
      0.4976,
      2.1574,
      2.2194,
      2.3629,
      2.5951,
      2.7089,
      2.5526,
      4.9069,
      5.0184,
      5.4722,
      4.8369,
      3.6422,
      4.0645,
      4.4738,
      4.7118,
      5.4101,
      4.7779,
      4.4189,
      3.3322,
      3.9165,
      3.4603,
      3.2573,
      3.1593,
      2.7477,
      3.3534,
      2.7691,
      3.057,
      2.9052,
      3.2464,
      2.8062,
      3.6549,
      2.8908,
      3.883,
      3.6739,
      0.8021,
      4.7798,
      4.1109,
      4.3434,
      0.0167,
      0.6565,
      1.1006,
      1.3355,
      2.1957,
      0.5411,
      3.1877,
      3.2071,
      3.116,
      3.159,
      2.0259,
      3.3014,
      3.3359,
      6.6101,
      6.8287,
      6.7367,
      6.7332,
      6.6827,
      6.7279,
      6.6464,
      6.4362,
      0.0202,
      2.5018,
      6.589,
      3.0313,
      4.2501,
      5.8095,
      6.7897,
      5.686,
      5.3317,
      2.8293,
      3.9239,
      2.9911,
      3.7559,
      3.5195,
      2.1594,
      3.7556,
      1.9753,
      1.3168,
      0.4323,
      1.1642,
      1.5296,
      4.2361,
      2.6291,
      0.0945,
      2.3288,
      3.2434,
      2.9856,
      1.974,
      3.3826,
      1.9521,
      0.9036,
      0.0893,
      1.544,
      2.492,
      2.2439,
      3.4035,
      3.2656,
      1.8581,
      4.1742,
      4.741,
      3.4386,
      5.1617,
      3.0663,
      1.3448,
      1.5421,
      7.6221,
      0.0
    ],
    [
      7.7689,
      0.4565,
      0.0,
      0.1396,
      0.1398,
      0.0991,
      2.0751,
      2.0597,
      2.2312,
      2.4965,
      2.6066,
      2.4073,
      4.8272,
      4.9448,
      5.4127,
      4.7412,
      3.6392,
      3.9995,
      4.3902,
      4.6469,
      5.3779,
      4.691,
      4.387,
      3.3127,
      3.861,
      3.4632,
      3.3496,
      3.057,
      2.854,
      3.3445,
      2.6802,
      2.9292,
      3.0669,
      3.4433,
      3.0672,
      3.9434,
      3.049,
      4.1999,
      3.963,
      1.2405,
      4.6924,
      4.2803,
      4.5066,
      0.4594,
      1.1052,
      1.543,
      1.7918,
      2.6521,
      0.9644,
      3.6009,
      3.5186,
      3.436,
      3.4559,
      2.366,
      3.6235,
      3.6126,
      6.6006,
      6.9584,
      6.8032,
      6.7524,
      6.6512,
      6.7558,
      6.7867,
      6.5059,
      0.4767,
      2.6135,
      6.5528,
      2.8827,
      4.1738,
      5.8579,
      6.7426,
      5.7168,
      5.3944,
      2.9345,
      3.9345,
      3.0588,
      3.9699,
      3.3871,
      2.2773,
      3.9688,
      2.4317,
      1.2168,
      0.5914,
      1.607,
      1.4376,
      4.5344,
      3.0139,
      0.4524,
      2.1573,
      3.6881,
      3.3841,
      2.3805,
      3.8159,
      1.9917,
      0.4479,
      0.5155,
      1.7841,
      2.1331,
      1.849,
      2.992,
      3.0412,
      1.6335,
      3.9013,
      4.3955,
      3.4676,
      4.9329,
      2.8643,
      1.2144,
      1.5867,
      7.7689,
      0.4565
    ],
    [
      7.7019,
      0.3192,
      0.1396,
      0.0,
      0.0007,
      0.1849,
      2.0687,
      2.0785,
      2.2415,
      2.497,
      2.6086,
      2.4227,
      4.8258,
      4.9416,
      5.4055,
      4.7448,
      3.6127,
      3.9926,
      4.3896,
      4.6407,
      5.3623,
      4.6918,
      4.3704,
      3.2906,
      3.8509,
      3.4347,
      3.2946,
      3.0602,
      2.7939,
      3.3193,
      2.6782,
      2.9403,
      2.992,
      3.3595,
      2.9662,
      3.8365,
      2.9749,
      4.0863,
      3.856,
      1.112,
      4.6933,
      4.2443,
      4.4728,
      0.3234,
      0.9725,
      1.4036,
      1.6547,
      2.514,
      0.8399,
      3.4661,
      3.4363,
      3.3509,
      3.3783,
      2.2727,
      3.5379,
      3.5417,
      6.5788,
      6.8959,
      6.7589,
      6.7221,
      6.6361,
      6.7228,
      6.7211,
      6.4605,
      0.3392,
      2.5512,
      6.5391,
      2.9005,
      4.1706,
      5.8184,
      6.7324,
      5.6824,
      5.3503,
      2.8749,
      3.9044,
      3.0102,
      3.8822,
      3.4007,
      2.2121,
      3.8813,
      2.2936,
      1.2091,
      0.4886,
      1.4676,
      1.4298,
      4.4255,
      2.8843,
      0.3131,
      2.1805,
      3.5488,
      3.252,
      2.2464,
      3.691,
      1.9899,
      0.5873,
      0.3759,
      1.6847,
      2.2243,
      1.9546,
      3.1056,
      3.0849,
      1.7106,
      3.9629,
      4.4837,
      3.4312,
      4.9801,
      2.9,
      1.2168,
      1.5382,
      7.7019,
      0.3192
    ],
    [
      7.7024,
      0.3189,
      0.1398,
      0.0007,
      0.0,
      0.1854,
      2.0694,
      2.0793,
      2.2422,
      2.4977,
      2.6093,
      2.4234,
      4.8266,
      4.9424,
      5.4062,
      4.7455,
      3.6134,
      3.9933,
      4.3903,
      4.6414,
      5.363,
      4.6925,
      4.3711,
      3.2913,
      3.8516,
      3.4353,
      3.2952,
      3.061,
      2.7945,
      3.32,
      2.6789,
      2.9411,
      2.9925,
      3.36,
      2.9666,
      3.8369,
      2.9755,
      4.0866,
      3.8563,
      1.1116,
      4.6941,
      4.2436,
      4.4721,
      0.323,
      0.9721,
      1.4035,
      1.6544,
      2.5138,
      0.8394,
      3.4661,
      3.4357,
      3.3502,
      3.3776,
      2.272,
      3.5372,
      3.541,
      6.5795,
      6.8965,
      6.7595,
      6.7227,
      6.6368,
      6.7235,
      6.7217,
      6.4611,
      0.3389,
      2.5518,
      6.5398,
      2.9013,
      4.1713,
      5.819,
      6.7331,
      5.683,
      5.351,
      2.8755,
      3.9051,
      3.0108,
      3.8827,
      3.4014,
      2.2127,
      3.8818,
      2.2933,
      1.2098,
      0.489,
      1.4675,
      1.4306,
      4.4258,
      2.8845,
      0.313,
      2.1813,
      3.5487,
      3.252,
      2.2464,
      3.6905,
      1.9892,
      0.5875,
      0.3757,
      1.6851,
      2.225,
      1.9551,
      3.1062,
      3.0856,
      1.7101,
      3.9636,
      4.4844,
      3.4319,
      4.9809,
      2.9007,
      1.2175,
      1.5388,
      7.7024,
      0.3189
    ],
    [
      7.6925,
      0.4976,
      0.0991,
      0.1849,
      0.1854,
      0.0,
      1.9795,
      1.9609,
      2.1331,
      2.3995,
      2.5093,
      2.3086,
      4.7302,
      4.8481,
      5.3165,
      4.6436,
      3.5477,
      3.9035,
      4.2931,
      4.5506,
      5.2834,
      4.5937,
      4.2929,
      3.22,
      3.7655,
      3.3723,
      3.2684,
      2.9595,
      2.7754,
      3.2527,
      2.5835,
      2.8308,
      2.9961,
      3.3778,
      3.015,
      3.8959,
      2.9776,
      4.1593,
      3.9156,
      1.2956,
      4.5951,
      4.3789,
      4.6054,
      0.5035,
      1.1537,
      1.558,
      1.8288,
      2.6849,
      1.0246,
      3.5942,
      3.6072,
      3.5236,
      3.5462,
      2.4496,
      3.7108,
      3.7051,
      6.5074,
      6.8798,
      6.717,
      6.6615,
      6.5565,
      6.6657,
      6.7096,
      6.42,
      0.5171,
      2.5362,
      6.4578,
      2.7839,
      4.077,
      5.77,
      6.6469,
      5.6272,
      5.3082,
      2.8556,
      3.8439,
      2.975,
      3.9068,
      3.2885,
      2.2018,
      3.9054,
      2.4645,
      1.1222,
      0.5525,
      1.622,
      1.3427,
      4.4887,
      2.9963,
      0.4748,
      2.0583,
      3.701,
      3.3712,
      2.373,
      3.8752,
      2.09,
      0.4347,
      0.5432,
      1.7323,
      2.0472,
      1.7715,
      2.921,
      2.9429,
      1.7088,
      3.8057,
      4.3085,
      3.3791,
      4.835,
      2.7654,
      1.1178,
      1.5044,
      7.6925,
      0.4976
    ],
    [
      5.9451,
      2.1574,
      2.0751,
      2.0687,
      2.0694,
      1.9795,
      0.0,
      0.3754,
      0.3055,
      0.4398,
      0.5542,
      0.4905,
      2.7577,
      2.873,
      3.3379,
      2.6812,
      1.6044,
      1.9248,
      2.322,
      2.5725,
      3.3063,
      2.625,
      2.318,
      1.2648,
      1.7861,
      1.4421,
      1.5626,
      1.0024,
      1.2183,
      1.3097,
      0.6121,
      0.9175,
      1.6066,
      2.0526,
      2.087,
      2.9146,
      1.5779,
      3.2945,
      2.9342,
      2.7138,
      2.6267,
      6.267,
      6.5001,
      2.1739,
      2.5514,
      2.4121,
      2.8742,
      3.4679,
      2.5751,
      3.5099,
      5.2547,
      5.1509,
      5.2298,
      4.0626,
      5.328,
      5.4298,
      4.537,
      5.1042,
      4.8224,
      4.7107,
      4.5783,
      4.723,
      4.9627,
      4.5334,
      2.1616,
      1.0837,
      4.4789,
      0.9238,
      2.102,
      3.8586,
      4.6675,
      3.6945,
      3.4255,
      1.2728,
      1.9113,
      1.2341,
      2.5679,
      1.3759,
      0.9559,
      2.5625,
      3.2907,
      0.8599,
      1.733,
      2.4475,
      0.6389,
      3.4775,
      2.8152,
      2.0638,
      0.4612,
      3.9723,
      3.2034,
      2.5608,
      4.9666,
      4.0585,
      2.1285,
      2.1057,
      1.4224,
      1.5762,
      1.7407,
      2.5949,
      1.347,
      3.6082,
      2.3414,
      3.2088,
      1.4948,
      3.1427,
      1.0977,
      0.8631,
      0.7518,
      5.9451,
      2.1574
    ],
    [
      6.1955,
      2.2194,
      2.0597,
      2.0785,
      2.0793,
      1.9609,
      0.3754,
      0.0,
      0.2138,
      0.5221,
      0.6074,
      0.3504,
      2.7961,
      2.919,
      3.3986,
      2.6966,
      1.7938,
      1.9994,
      2.3593,
      2.6348,
      3.4029,
      2.6541,
      2.4339,
      1.4514,
      1.8806,
      1.652,
      1.8792,
      1.0294,
      1.576,
      1.511,
      0.7047,
      0.8767,
      1.9721,
      2.4164,
      2.4621,
      3.2884,
      1.9431,
      3.6695,
      3.3079,
      2.8543,
      2.655,
      6.3188,
      6.5487,
      2.2354,
      2.6881,
      2.6292,
      3.0833,
      3.7305,
      2.6845,
      3.8603,
      5.3875,
      5.2883,
      5.3527,
      4.1937,
      5.4691,
      5.5418,
      4.6475,
      5.3487,
      5.0111,
      4.8513,
      4.6632,
      4.8728,
      5.2181,
      4.7288,
      2.2269,
      1.455,
      4.559,
      0.823,
      2.1542,
      4.0417,
      4.7335,
      3.8608,
      3.6322,
      1.625,
      2.1035,
      1.5537,
      2.9243,
      1.3291,
      1.3286,
      2.9186,
      3.5436,
      0.9088,
      1.8177,
      2.6708,
      0.7159,
      3.8486,
      3.1637,
      2.1295,
      0.1202,
      4.2993,
      3.5562,
      2.8701,
      5.2065,
      4.0499,
      2.0329,
      2.1808,
      1.7277,
      1.2124,
      1.4104,
      2.2204,
      1.0949,
      3.5015,
      2.0754,
      2.8838,
      1.7396,
      2.9648,
      0.8666,
      0.8746,
      1.0087,
      6.1955,
      2.2194
    ],
    [
      5.9836,
      2.3629,
      2.2312,
      2.2415,
      2.2422,
      2.1331,
      0.3055,
      0.2138,
      0.0,
      0.3084,
      0.3977,
      0.1984,
      2.6053,
      2.7264,
      3.203,
      2.5121,
      1.58,
      1.7983,
      2.1679,
      2.4377,
      3.1997,
      2.4656,
      2.2263,
      1.2376,
      1.6753,
      1.4387,
      1.6881,
      0.8331,
      1.4161,
      1.2976,
      0.4924,
      0.6989,
      1.8204,
      2.2603,
      2.3514,
      3.1537,
      1.791,
      3.5414,
      3.173,
      2.9637,
      2.4667,
      6.4713,
      6.7026,
      2.3792,
      2.7991,
      2.695,
      3.1548,
      3.7661,
      2.8086,
      3.8086,
      5.5034,
      5.4018,
      5.4735,
      4.3096,
      5.5808,
      5.6679,
      4.4426,
      5.1363,
      4.7977,
      4.6419,
      4.4632,
      4.6623,
      5.0069,
      4.5152,
      2.3691,
      1.3187,
      4.36,
      0.6699,
      1.9584,
      3.8285,
      4.5377,
      3.6486,
      3.4184,
      1.459,
      1.8897,
      1.3659,
      2.7573,
      1.1597,
      1.2365,
      2.7513,
      3.5863,
      1.0462,
      1.9498,
      2.7327,
      0.8359,
      3.7037,
      3.1151,
      2.2712,
      0.2165,
      4.2771,
      3.5011,
      2.8661,
      5.2592,
      4.2229,
      2.2273,
      2.3187,
      1.7269,
      1.3869,
      1.6098,
      2.3629,
      1.0443,
      3.7007,
      2.0384,
      2.9054,
      1.5295,
      2.8661,
      0.7975,
      1.0259,
      1.0416,
      5.9836,
      2.3629
    ],
    [
      5.6803,
      2.5951,
      2.4965,
      2.497,
      2.4977,
      2.3995,
      0.4398,
      0.5221,
      0.3084,
      0.0,
      0.1144,
      0.2752,
      2.3308,
      2.4488,
      2.9199,
      2.248,
      1.2719,
      1.5091,
      1.8938,
      2.1537,
      2.9051,
      2.1951,
      1.926,
      0.9299,
      1.3796,
      1.1332,
      1.4313,
      0.5647,
      1.2256,
      0.9913,
      0.1884,
      0.4845,
      1.6369,
      2.0634,
      2.2303,
      2.9866,
      1.6073,
      3.383,
      3.0052,
      3.1503,
      2.1966,
      6.7055,
      6.9384,
      2.6116,
      2.9887,
      2.8271,
      3.291,
      3.8501,
      3.0146,
      3.7668,
      5.6905,
      5.586,
      5.6671,
      4.4992,
      5.7623,
      5.8683,
      4.1449,
      4.8322,
      4.4893,
      4.3382,
      4.1724,
      4.3572,
      4.7052,
      4.2067,
      2.5997,
      1.1757,
      4.0707,
      0.5171,
      1.678,
      3.5202,
      4.2531,
      3.3413,
      3.1104,
      1.2555,
      1.5815,
      1.12,
      2.538,
      0.9378,
      1.174,
      2.5314,
      3.6809,
      1.289,
      2.172,
      2.8594,
      1.0697,
      3.5172,
      3.0825,
      2.5017,
      0.5017,
      4.2763,
      3.456,
      2.9008,
      5.3611,
      4.4853,
      2.5175,
      2.5445,
      1.784,
      1.649,
      1.8992,
      2.5774,
      1.0342,
      3.9946,
      2.0114,
      2.9514,
      1.2321,
      2.7353,
      0.782,
      1.2824,
      1.1699,
      5.6803,
      2.5951
    ],
    [
      5.6166,
      2.7089,
      2.6066,
      2.6086,
      2.6093,
      2.5093,
      0.5542,
      0.6074,
      0.3977,
      0.1144,
      0.0,
      0.3086,
      2.2211,
      2.34,
      2.8129,
      2.1362,
      1.1983,
      1.4042,
      1.7838,
      2.0469,
      2.8035,
      2.0845,
      1.8286,
      0.86,
      1.2784,
      1.0696,
      1.4195,
      0.4518,
      1.2549,
      0.9266,
      0.1047,
      0.374,
      1.6656,
      2.0833,
      2.2816,
      3.0174,
      1.6362,
      3.4166,
      3.0357,
      3.2642,
      2.0859,
      6.8195,
      7.0522,
      2.7254,
      3.1027,
      2.9367,
      3.4008,
      3.9522,
      3.129,
      3.8405,
      5.8042,
      5.6995,
      5.7811,
      4.6131,
      5.8756,
      5.9825,
      4.0454,
      4.7671,
      4.407,
      4.2444,
      4.0688,
      4.2655,
      4.6443,
      4.1265,
      2.7135,
      1.2263,
      3.9663,
      0.4212,
      1.5697,
      3.4372,
      4.1468,
      3.2541,
      3.0349,
      1.2779,
      1.5064,
      1.119,
      2.5446,
      0.824,
      1.2514,
      2.5376,
      3.785,
      1.4013,
      2.2862,
      2.9684,
      1.1825,
      3.5382,
      3.1598,
      2.6156,
      0.5689,
      4.3605,
      3.5291,
      2.9945,
      5.4657,
      4.5962,
      2.6205,
      2.6586,
      1.8843,
      1.6846,
      1.953,
      2.5832,
      0.9676,
      4.096,
      1.9314,
      2.8901,
      1.1829,
      2.6303,
      0.7199,
      1.3931,
      1.2815,
      5.6166,
      2.7089
    ],
    [
      5.9236,
      2.5526,
      2.4073,
      2.4227,
      2.4234,
      2.3086,
      0.4905,
      0.3504,
      0.1984,
      0.2752,
      0.3086,
      0.0,
      2.447,
      2.5705,
      3.0514,
      2.3463,
      1.5028,
      1.6579,
      2.0106,
      2.2888,
      3.0624,
      2.3044,
      2.1016,
      1.1668,
      1.5451,
      1.3777,
      1.7063,
      0.6864,
      1.4897,
      1.2346,
      0.4133,
      0.5263,
      1.8999,
      2.331,
      2.4697,
      3.246,
      1.8703,
      3.6394,
      3.2648,
      3.1611,
      2.3052,
      6.6584,
      6.8891,
      2.5688,
      2.9962,
      2.8923,
      3.3525,
      3.958,
      3.0037,
      3.9653,
      5.7003,
      5.599,
      5.6696,
      4.5063,
      5.7782,
      5.8631,
      4.3088,
      5.0737,
      4.7015,
      4.5214,
      4.3189,
      4.5462,
      4.9522,
      4.4233,
      2.5593,
      1.4215,
      4.2139,
      0.479,
      1.8077,
      3.7314,
      4.3862,
      3.543,
      3.3363,
      1.5234,
      1.8095,
      1.395,
      2.8109,
      0.98,
      1.3784,
      2.8043,
      3.7798,
      1.2362,
      2.1427,
      2.9297,
      1.0296,
      3.783,
      3.2746,
      2.4615,
      0.2778,
      4.4485,
      3.6561,
      3.0467,
      5.4541,
      4.3984,
      2.3824,
      2.5102,
      1.9111,
      1.3792,
      1.6446,
      2.303,
      0.8582,
      3.8484,
      1.8523,
      2.7437,
      1.4907,
      2.6677,
      0.6075,
      1.211,
      1.2367,
      5.9236,
      2.5526
    ],
    [
      4.1578,
      4.9069,
      4.8272,
      4.8258,
      4.8266,
      4.7302,
      2.7577,
      2.7961,
      2.6053,
      2.3308,
      2.2211,
      2.447,
      0.0,
      0.1327,
      0.62,
      0.1893,
      1.419,
      0.8486,
      0.4375,
      0.2445,
      0.7528,
      0.1533,
      0.6743,
      1.6362,
      1.0068,
      1.5924,
      2.1761,
      1.7728,
      2.5592,
      1.6454,
      2.1478,
      1.9222,
      2.7655,
      2.9002,
      3.476,
      3.7386,
      2.7505,
      4.1118,
      3.748,
      5.3855,
      0.155,
      9.0049,
      9.2398,
      4.9236,
      5.2327,
      4.9478,
      5.4031,
      5.7743,
      5.2872,
      5.1553,
      7.8933,
      7.7821,
      7.8866,
      6.7205,
      7.9495,
      8.1026,
      1.9476,
      3.3454,
      2.647,
      2.2518,
      1.9003,
      2.3127,
      3.3247,
      2.4392,
      4.9098,
      2.7469,
      1.7895,
      2.0026,
      0.6569,
      1.7813,
      1.9448,
      1.5248,
      1.6696,
      2.5016,
      1.2781,
      2.2227,
      2.9982,
      1.4971,
      3.0122,
      2.9888,
      5.6503,
      3.6168,
      4.4773,
      4.9647,
      3.3961,
      3.9963,
      4.5978,
      4.8126,
      2.719,
      5.823,
      4.8631,
      4.7146,
      7.2958,
      6.8152,
      4.829,
      4.8499,
      3.7989,
      3.5018,
      3.8776,
      3.9676,
      2.1646,
      6.2941,
      2.2061,
      3.1718,
      1.7203,
      1.7326,
      2.1851,
      3.6131,
      3.398,
      4.1578,
      4.9069
    ],
    [
      4.0465,
      5.0184,
      4.9448,
      4.9416,
      4.9424,
      4.8481,
      2.873,
      2.919,
      2.7264,
      2.4488,
      2.34,
      2.5705,
      0.1327,
      0.0,
      0.4888,
      0.3084,
      1.4969,
      0.9546,
      0.5601,
      0.3165,
      0.6278,
      0.286,
      0.722,
      1.7307,
      1.1082,
      1.6743,
      2.2358,
      1.8934,
      2.6348,
      1.7353,
      2.2647,
      2.0467,
      2.8259,
      2.9421,
      3.5295,
      3.7617,
      2.8119,
      4.1293,
      3.7705,
      5.4872,
      0.2877,
      9.1125,
      9.3477,
      5.0351,
      5.3354,
      5.0407,
      5.4943,
      5.8512,
      5.3929,
      5.202,
      7.9892,
      7.8774,
      7.9843,
      6.8193,
      8.0438,
      8.2017,
      1.8149,
      3.2397,
      2.5257,
      2.121,
      1.7692,
      2.1833,
      3.2251,
      2.3232,
      5.021,
      2.8286,
      1.6589,
      2.1296,
      0.7711,
      1.6741,
      1.8177,
      1.4158,
      1.5899,
      2.5747,
      1.3336,
      2.2989,
      3.0169,
      1.6258,
      3.1013,
      3.0076,
      5.7306,
      3.7327,
      4.5881,
      5.0565,
      3.5118,
      4.0009,
      4.6551,
      4.924,
      2.8435,
      5.8759,
      4.9125,
      4.7885,
      7.3701,
      6.9314,
      4.9517,
      4.9604,
      3.8897,
      3.6341,
      4.0094,
      4.0982,
      2.2973,
      6.4185,
      2.3275,
      3.2817,
      1.7924,
      1.8115,
      2.3165,
      3.7305,
      3.5039,
      4.0465,
      5.0184
    ],
    [
      3.7051,
      5.4722,
      5.4127,
      5.4055,
      5.4062,
      5.3165,
      3.3379,
      3.3986,
      3.203,
      2.9199,
      2.8129,
      3.0514,
      0.62,
      0.4888,
      0.0,
      0.7719,
      1.8871,
      1.4132,
      1.0449,
      0.7662,
      0.33,
      0.7725,
      1.0826,
      2.1557,
      1.5561,
      2.0706,
      2.5653,
      2.3703,
      3.0031,
      2.1496,
      2.734,
      2.5296,
      3.1497,
      3.2097,
      3.8267,
      3.9607,
      3.139,
      4.3066,
      3.9673,
      5.9158,
      0.7735,
      9.5543,
      9.7903,
      5.4889,
      5.7671,
      5.4467,
      5.8945,
      6.2098,
      5.8322,
      5.4691,
      8.4,
      8.2866,
      8.3999,
      7.2388,
      8.45,
      8.6213,
      1.3374,
      2.9318,
      2.139,
      1.6696,
      1.2805,
      1.7433,
      2.9481,
      1.9706,
      5.4741,
      3.2121,
      1.1703,
      2.6157,
      1.2447,
      1.3887,
      1.335,
      1.1321,
      1.4494,
      2.937,
      1.6737,
      2.6725,
      3.2094,
      2.1137,
      3.5027,
      3.2003,
      6.0995,
      4.1977,
      5.0407,
      5.4591,
      3.9766,
      4.1348,
      4.9578,
      5.3777,
      3.3258,
      6.1606,
      5.1896,
      5.1408,
      7.7184,
      7.3952,
      5.43,
      5.4119,
      4.2924,
      4.1211,
      4.4975,
      4.5617,
      2.7821,
      6.8998,
      2.7509,
      3.6542,
      2.1622,
      2.0898,
      2.8051,
      4.1988,
      3.9464,
      3.7051,
      5.4722
    ],
    [
      4.347,
      4.8369,
      4.7412,
      4.7448,
      4.7455,
      4.6436,
      2.6812,
      2.6966,
      2.5121,
      2.248,
      2.1362,
      2.3463,
      0.1893,
      0.3084,
      0.7719,
      0.0,
      1.4322,
      0.8155,
      0.3785,
      0.3423,
      0.9362,
      0.1088,
      0.755,
      1.6148,
      0.9801,
      1.5962,
      2.213,
      1.6847,
      2.5679,
      1.6334,
      2.0691,
      1.82,
      2.7988,
      2.9605,
      3.5179,
      3.8224,
      2.7821,
      4.2021,
      3.8326,
      5.3379,
      0.1029,
      8.9422,
      9.1763,
      4.8535,
      5.1828,
      4.9188,
      5.3771,
      5.7745,
      5.2305,
      5.2047,
      7.8563,
      7.7464,
      7.846,
      6.6782,
      7.9157,
      8.0588,
      2.1087,
      3.5346,
      2.8333,
      2.4255,
      2.0433,
      2.4898,
      3.5129,
      2.6277,
      4.8406,
      2.7437,
      1.9301,
      1.8901,
      0.6096,
      1.9706,
      2.0713,
      1.7141,
      1.8512,
      2.5147,
      1.3303,
      2.2318,
      3.0892,
      1.3797,
      2.9942,
      3.0798,
      5.6446,
      3.5369,
      4.4094,
      4.938,
      3.3173,
      4.1024,
      4.6318,
      4.743,
      2.6143,
      5.8624,
      4.9087,
      4.7212,
      7.2994,
      6.732,
      4.7276,
      4.7825,
      3.7758,
      3.3558,
      3.7364,
      3.795,
      2.0139,
      6.186,
      2.0196,
      2.9824,
      1.7405,
      1.5576,
      2.0492,
      3.529,
      3.3436,
      4.347,
      4.8369
    ],
    [
      4.4233,
      3.6422,
      3.6392,
      3.6127,
      3.6134,
      3.5477,
      1.6044,
      1.7938,
      1.58,
      1.2719,
      1.1983,
      1.5028,
      1.419,
      1.4969,
      1.8871,
      1.4322,
      0.0,
      0.6528,
      1.0661,
      1.1823,
      1.7785,
      1.3372,
      0.8046,
      0.3432,
      0.5009,
      0.1849,
      0.8018,
      0.9103,
      1.1403,
      0.2959,
      1.0951,
      1.1203,
      1.3746,
      1.5931,
      2.1012,
      2.5213,
      1.3562,
      2.9216,
      2.5347,
      4.0381,
      1.3416,
      7.6879,
      7.9248,
      3.6588,
      3.8928,
      3.5596,
      4.0082,
      4.3557,
      3.9681,
      3.7934,
      6.5129,
      6.3995,
      6.5135,
      5.354,
      6.563,
      6.7361,
      2.9687,
      3.5724,
      3.2227,
      3.1147,
      3.0452,
      3.1224,
      3.4561,
      2.9373,
      3.642,
      1.3323,
      2.955,
      1.2637,
      0.8524,
      2.2561,
      3.1656,
      2.0904,
      1.8384,
      1.0839,
      0.3099,
      0.8037,
      1.849,
      1.0341,
      1.6156,
      1.8399,
      4.2338,
      2.4309,
      3.2104,
      3.5723,
      2.2148,
      2.9065,
      3.2039,
      3.5479,
      1.7667,
      4.4379,
      3.4925,
      3.2958,
      5.8768,
      5.5882,
      3.7295,
      3.5755,
      2.4054,
      2.8483,
      3.1432,
      3.6406,
      1.7695,
      5.2079,
      2.4241,
      3.4955,
      0.3107,
      2.6102,
      1.6201,
      2.451,
      2.1006,
      4.4233,
      3.6422
    ],
    [
      4.4921,
      4.0645,
      3.9995,
      3.9926,
      3.9933,
      3.9035,
      1.9248,
      1.9994,
      1.7983,
      1.5091,
      1.4042,
      1.6579,
      0.8486,
      0.9546,
      1.4132,
      0.8155,
      0.6528,
      0.0,
      0.4371,
      0.6482,
      1.4045,
      0.7348,
      0.482,
      0.7994,
      0.1653,
      0.7974,
      1.4544,
      0.9715,
      1.765,
      0.8205,
      1.3222,
      1.1506,
      2.0253,
      2.2395,
      2.7532,
      3.1525,
      2.0061,
      3.548,
      3.165,
      4.537,
      0.738,
      8.158,
      8.3932,
      4.0812,
      4.3841,
      4.1059,
      4.5632,
      4.9621,
      4.4392,
      4.4455,
      7.0476,
      6.937,
      7.0397,
      5.873,
      7.1052,
      7.2548,
      2.6515,
      3.6445,
      3.1264,
      2.879,
      2.6649,
      2.9126,
      3.5686,
      2.8689,
      4.0669,
      1.932,
      2.5621,
      1.2584,
      0.2079,
      2.1687,
      2.7444,
      1.9504,
      1.8621,
      1.7165,
      0.6675,
      1.4313,
      2.4545,
      0.8092,
      2.1787,
      2.4452,
      4.8302,
      2.7846,
      3.6339,
      4.1243,
      2.5635,
      3.504,
      3.8502,
      3.9701,
      1.9353,
      5.0859,
      4.1439,
      3.9125,
      6.4881,
      5.9824,
      4.0246,
      4.006,
      2.961,
      2.8489,
      3.1966,
      3.4807,
      1.5827,
      5.499,
      1.9884,
      3.0532,
      0.9623,
      1.9921,
      1.5239,
      2.7858,
      2.55,
      4.4921,
      4.0645
    ],
    [
      4.4048,
      4.4738,
      4.3902,
      4.3896,
      4.3903,
      4.2931,
      2.322,
      2.3593,
      2.1679,
      1.8938,
      1.7838,
      2.0106,
      0.4375,
      0.5601,
      1.0449,
      0.3785,
      1.0661,
      0.4371,
      0.0,
      0.3115,
      1.1116,
      0.3046,
      0.5056,
      1.2365,
      0.6021,
      1.2244,
      1.8581,
      1.3353,
      2.1957,
      1.2564,
      1.7114,
      1.4866,
      2.4391,
      2.623,
      3.1629,
      3.5088,
      2.4214,
      3.8962,
      3.52,
      4.964,
      0.307,
      8.5752,
      8.8097,
      4.4905,
      4.8097,
      4.5407,
      4.9988,
      5.3981,
      4.8602,
      4.8533,
      7.4797,
      7.3695,
      7.4703,
      6.3028,
      7.5385,
      7.684,
      2.3475,
      3.5715,
      2.9532,
      2.6215,
      2.3225,
      2.6709,
      3.5241,
      2.7203,
      4.477,
      2.3675,
      2.2141,
      1.5708,
      0.2313,
      2.0329,
      2.3775,
      1.7901,
      1.8199,
      2.1444,
      0.9996,
      1.8603,
      2.7884,
      1.0705,
      2.6158,
      2.779,
      5.267,
      3.1806,
      4.0449,
      4.5597,
      2.9601,
      3.8206,
      4.27,
      4.3796,
      2.2834,
      5.5033,
      4.5546,
      4.3467,
      6.9236,
      6.3787,
      4.3921,
      4.4178,
      3.3973,
      3.0975,
      3.466,
      3.6218,
      1.7734,
      5.8584,
      1.9548,
      2.9792,
      1.3764,
      1.7179,
      1.7719,
      3.1762,
      2.9719,
      4.4048,
      4.4738
    ],
    [
      4.114,
      4.7118,
      4.6469,
      4.6407,
      4.6414,
      4.5506,
      2.5725,
      2.6348,
      2.4377,
      2.1537,
      2.0469,
      2.2888,
      0.2445,
      0.3165,
      0.7662,
      0.3423,
      1.1823,
      0.6482,
      0.3115,
      0.0,
      0.8019,
      0.236,
      0.4311,
      1.4149,
      0.7966,
      1.3586,
      1.9325,
      1.6057,
      2.3216,
      1.4188,
      1.9678,
      1.7699,
      2.5222,
      2.6562,
      3.2317,
      3.4993,
      2.5074,
      3.8749,
      3.509,
      5.173,
      0.242,
      8.8017,
      9.0372,
      4.7285,
      5.0218,
      4.7243,
      5.1778,
      5.5378,
      5.0811,
      4.9108,
      7.6731,
      7.5613,
      7.6686,
      6.5039,
      7.7275,
      7.8865,
      2.043,
      3.2867,
      2.6464,
      2.3106,
      2.0312,
      2.3594,
      3.2488,
      2.4184,
      4.7141,
      2.5133,
      1.9253,
      1.8624,
      0.4813,
      1.7369,
      2.1001,
      1.4896,
      1.5589,
      2.2626,
      1.0337,
      1.9853,
      2.7613,
      1.3704,
      2.7848,
      2.7519,
      5.4159,
      3.4324,
      4.2809,
      4.74,
      3.2114,
      3.7667,
      4.354,
      4.6173,
      2.5643,
      5.5787,
      4.6186,
      4.4764,
      7.0578,
      6.6305,
      4.665,
      4.6527,
      3.5732,
      3.4054,
      3.7713,
      3.9312,
      2.0844,
      6.1363,
      2.2367,
      3.2404,
      1.4806,
      1.8826,
      2.078,
      3.4328,
      3.1926,
      4.114,
      4.7118
    ],
    [
      3.4344,
      5.4101,
      5.3779,
      5.3623,
      5.363,
      5.2834,
      3.3063,
      3.4029,
      3.1997,
      2.9051,
      2.8035,
      3.0624,
      0.7528,
      0.6278,
      0.33,
      0.9362,
      1.7785,
      1.4045,
      1.1116,
      0.8019,
      0.0,
      0.8991,
      0.9922,
      2.0779,
      1.5255,
      1.9632,
      2.3905,
      2.376,
      2.8543,
      2.0595,
      2.7169,
      2.5523,
      2.9637,
      2.9864,
      3.6174,
      3.6973,
      2.9556,
      4.0325,
      3.7029,
      5.8152,
      0.9022,
      9.4664,
      9.7033,
      5.4268,
      5.6708,
      5.3204,
      5.7609,
      6.0365,
      5.7464,
      5.235,
      8.2732,
      8.1582,
      8.2787,
      7.124,
      8.3181,
      8.5046,
      1.248,
      2.6425,
      1.8989,
      1.5109,
      1.2739,
      1.565,
      2.6461,
      1.704,
      5.4108,
      3.075,
      1.1789,
      2.6527,
      1.2711,
      1.0836,
      1.3874,
      0.8238,
      1.1194,
      2.7837,
      1.5287,
      2.5324,
      2.9471,
      2.1689,
      3.3811,
      2.9382,
      5.9352,
      4.1612,
      4.9779,
      5.3292,
      3.9407,
      3.8451,
      4.7469,
      5.3156,
      3.3398,
      5.9351,
      4.9621,
      4.9653,
      7.534,
      7.3478,
      5.4225,
      5.3459,
      4.1672,
      4.2072,
      4.5717,
      4.7146,
      2.8846,
      6.8993,
      2.9552,
      3.8986,
      2.0277,
      2.3757,
      2.8792,
      4.1693,
      3.8724,
      3.4344,
      5.4101
    ],
    [
      4.2863,
      4.7779,
      4.691,
      4.6918,
      4.6925,
      4.5937,
      2.625,
      2.6541,
      2.4656,
      2.1951,
      2.0845,
      2.3044,
      0.1533,
      0.286,
      0.7725,
      0.1088,
      1.3372,
      0.7348,
      0.3046,
      0.236,
      0.8991,
      0.0,
      0.6464,
      1.5319,
      0.8976,
      1.5044,
      2.1128,
      1.6345,
      2.4755,
      1.547,
      2.0138,
      1.7788,
      2.6997,
      2.8559,
      3.417,
      3.7147,
      2.6834,
      4.094,
      3.7249,
      5.2679,
      0.0061,
      8.8798,
      9.1143,
      4.7945,
      5.1138,
      4.8406,
      5.2978,
      5.6856,
      5.1648,
      5.1025,
      7.7818,
      7.6714,
      7.7731,
      6.606,
      7.8399,
      7.9873,
      2.1009,
      3.4682,
      2.7874,
      2.4026,
      2.0523,
      2.462,
      3.4407,
      2.5739,
      4.7811,
      2.6552,
      1.9411,
      1.8559,
      0.5336,
      1.9075,
      2.0933,
      1.6534,
      1.7674,
      2.4209,
      1.2261,
      2.139,
      2.981,
      1.3486,
      2.9112,
      2.9716,
      5.5577,
      3.483,
      4.3492,
      4.8589,
      3.2627,
      3.9936,
      4.533,
      4.6837,
      2.5752,
      5.7624,
      4.8072,
      4.6301,
      7.2096,
      6.6804,
      4.6868,
      4.7221,
      3.6951,
      3.3488,
      3.7251,
      3.8173,
      2.0113,
      6.1497,
      2.069,
      3.0487,
      1.644,
      1.6525,
      2.0331,
      3.4774,
      3.2763,
      4.2863,
      4.7779
    ],
    [
      4.017,
      4.4189,
      4.387,
      4.3704,
      4.3711,
      4.2929,
      2.318,
      2.4339,
      2.2263,
      1.926,
      1.8286,
      2.1016,
      0.6743,
      0.722,
      1.0826,
      0.755,
      0.8046,
      0.482,
      0.5056,
      0.4311,
      0.9922,
      0.6464,
      0.0,
      1.0873,
      0.5584,
      0.9885,
      1.5147,
      1.4199,
      1.9273,
      1.0734,
      1.7377,
      1.6115,
      2.1046,
      2.2261,
      2.8077,
      3.0701,
      2.0911,
      3.4479,
      3.0801,
      4.8388,
      0.6522,
      8.484,
      8.7205,
      4.4356,
      4.6918,
      4.3641,
      4.8121,
      5.1414,
      4.7622,
      4.4829,
      7.3175,
      7.2041,
      7.318,
      6.1579,
      7.3674,
      7.5402,
      2.2202,
      3.1716,
      2.6455,
      2.4199,
      2.266,
      2.4471,
      3.1033,
      2.3869,
      4.4198,
      2.1314,
      2.1705,
      1.7276,
      0.4636,
      1.6867,
      2.3724,
      1.47,
      1.3923,
      1.864,
      0.612,
      1.594,
      2.3347,
      1.2911,
      2.4201,
      2.3253,
      5.0258,
      3.1706,
      3.9866,
      4.3765,
      2.9504,
      3.349,
      3.9331,
      4.3244,
      2.3792,
      5.1544,
      4.1921,
      4.0757,
      6.6568,
      6.3556,
      4.4403,
      4.3553,
      3.2098,
      3.3273,
      3.6701,
      3.9586,
      2.0636,
      5.919,
      2.4024,
      3.4491,
      1.0839,
      2.2223,
      2.0048,
      3.1803,
      2.883,
      4.017,
      4.4189
    ],
    [
      4.7569,
      3.3322,
      3.3127,
      3.2906,
      3.2913,
      3.22,
      1.2648,
      1.4514,
      1.2376,
      0.9299,
      0.86,
      1.1668,
      1.6362,
      1.7307,
      2.1557,
      1.6148,
      0.3432,
      0.7994,
      1.2365,
      1.4149,
      2.0779,
      1.5319,
      1.0873,
      0.0,
      0.6348,
      0.2174,
      0.8148,
      0.6258,
      0.9937,
      0.0823,
      0.756,
      0.827,
      1.3107,
      1.6136,
      2.036,
      2.57,
      1.2871,
      2.9762,
      2.5853,
      3.761,
      1.5353,
      7.3996,
      7.6358,
      3.3489,
      3.6116,
      3.3116,
      3.7671,
      4.1656,
      3.6774,
      3.7192,
      6.2585,
      6.1469,
      6.2537,
      5.0893,
      6.3136,
      6.4719,
      3.2884,
      3.9071,
      3.5658,
      3.4478,
      3.3507,
      3.4585,
      3.7859,
      3.2805,
      3.333,
      1.1394,
      3.2568,
      0.9729,
      1.0063,
      2.5986,
